bin_1	{}
bin_10	{'edge_1029_14': {'PF01509.13': [[34, 181]]}, 'edge_1029_15': {'PF00312.17': [[7, 88]]}, 'edge_957_88': {'PF00318.15': [[11, 224]]}, 'edge_543_23': {'PF00162.14': [[6, 389]]}}
bin_100	{}
bin_102	{}
bin_103	{}
bin_101	{'edge_99_220': {'TIGR00468': [[7, 238]]}, 'edge_1016_2': {'TIGR00329': [[4, 296]]}, 'edge_1053_291': {'TIGR00329': [[4, 296]]}, 'edge_99_189': {'PF01000.21': [[44, 156]], 'PF01193.19': [[15, 253]]}, 'edge_98_194': {'PF01000.21': [[44, 156]], 'PF01193.19': [[15, 253]]}, 'edge_106_25': {'PF00347.18': [[12, 85]]}, 'edge_110_6': {'PF00831.18': [[6, 62]]}, 'edge_106_34': {'PF00831.18': [[2, 46]]}, 'edge_109_6': {'PF00831.18': [[2, 46]]}, 'edge_106_19': {'PF00333.15': [[53, 119]], 'PF03719.10': [[138, 205]]}, 'edge_110_10': {'PF03947.13': [[88, 220]], 'PF00181.18': [[11, 80]]}, 'edge_106_39': {'PF03947.13': [[88, 220]], 'PF00181.18': [[11, 80]]}, 'edge_109_11': {'PF03947.13': [[88, 220]], 'PF00181.18': [[11, 80]]}, 'edge_106_35': {'PF00189.15': [[27, 110]]}, 'edge_109_7': {'PF00189.15': [[27, 110]]}, 'edge_110_7': {'PF00189.15': [[87, 170]]}, 'edge_1053_239': {'PF01509.13': [[1, 93]]}, 'edge_103_25': {'PF01509.13': [[20, 81]]}, 'edge_110_3': {'PF00238.14': [[18, 137]]}, 'edge_106_31': {'PF00238.14': [[18, 137]]}, 'edge_109_3': {'PF00238.14': [[18, 137]]}, 'edge_100_53': {'PF03484.10': [[25, 89]]}, 'edge_99_222': {'PF03484.10': [[199, 263]]}, 'edge_106_21': {'PF00861.17': [[11, 97]]}, 'edge_98_195': {'PF00411.14': [[10, 128]]}, 'edge_99_190': {'PF00411.14': [[10, 128]]}, 'edge_1053_16': {'PF04983.13': [[39, 205]], 'PF05000.12': [[231, 336]]}, 'edge_1053_183': {'PF00687.16': [[20, 147]]}, 'edge_1053_256': {'PF00312.17': [[65, 130]]}, 'edge_99_184': {'PF00318.15': [[140, 206]]}, 'edge_98_189': {'PF00318.15': [[139, 206]]}, 'edge_1053_182': {'PF00466.15': [[15, 109]]}, 'edge_1054_61': {'PF00252.13': [[5, 165]]}, 'edge_1053_97': {'PF00252.13': [[5, 165]]}, 'edge_1053_18': {'PF00562.23': [[650, 1022]], 'PF04563.10': [[22, 401]], 'PF04561.9': [[169, 344]], 'PF04560.15': [[1024, 1115]], 'PF04565.11': [[412, 476]]}, 'edge_110_9': {'PF00203.16': [[40, 122]]}, 'edge_106_38': {'PF00203.16': [[40, 122]]}, 'edge_109_10': {'PF00203.16': [[40, 122]]}, 'edge_1053_21': {'PF11987.3': [[184, 285]]}, 'edge_106_42': {'PF00297.17': [[49, 326]]}, 'edge_1053_7': {'PF00338.17': [[5, 100]]}, 'edge_106_26': {'PF00410.14': [[5, 133]]}, 'edge_106_41': {'PF00573.17': [[23, 260]]}, 'edge_106_28': {'PF00673.16': [[68, 167]], 'PF00281.14': [[11, 64]]}, 'edge_98_192': {'PF00572.13': [[10, 123]]}, 'edge_99_187': {'PF00572.13': [[10, 123]]}, 'edge_947_23': {'PF02978.14': [[326, 427]]}, 'edge_106_277': {'PF02978.14': [[326, 426]]}, 'edge_99_192': {'PF00416.17': [[10, 138]]}, 'edge_98_197': {'PF00416.17': [[10, 138]]}, 'edge_1053_184': {'PF00298.14': [[73, 140]], 'PF03946.9': [[8, 63]]}, 'edge_106_37': {'PF00237.14': [[19, 155]]}, 'edge_109_9': {'PF00237.14': [[19, 155]]}, 'edge_110_8': {'PF00237.14': [[19, 155]]}, 'edge_106_40': {'PF00276.15': [[2, 77]]}, 'edge_104_126': {'PF00162.14': [[8, 391]]}, 'edge_105_34': {'PF00162.14': [[8, 391]]}, 'edge_99_305': {'PF13184.1': [[64, 124]]}, 'edge_1053_9': {'PF00177.16': [[38, 193]]}, 'edge_98_191': {'PF00380.14': [[13, 137]]}, 'edge_99_186': {'PF00380.14': [[13, 137]]}, 'edge_110_4': {'PF00366.15': [[43, 111]]}, 'edge_106_32': {'PF00366.15': [[43, 111]]}, 'edge_109_4': {'PF00366.15': [[43, 111]]}, 'edge_1053_11': {'PF00164.20': [[13, 145]]}, 'edge_1053_17': {'PF04997.7': [[3, 304]]}}
bin_105	{}
bin_106	{}
bin_104	{'edge_141_1366': {'TIGR00468': [[38, 327]]}, 'edge_681_1141': {'TIGR00329': [[4, 306]]}, 'edge_141_35': {'TIGR00344': [[7, 854]]}, 'edge_681_1982': {'TIGR00967': [[20, 429]]}, 'edge_681_2370': {'TIGR00392': [[15, 843]]}, 'edge_681_2385': {'TIGR00755': [[11, 264]]}, 'edge_681_1987': {'PF01000.21': [[60, 156]], 'PF01193.19': [[28, 228]]}, 'edge_681_1977': {'PF00347.18': [[90, 164]]}, 'edge_681_1970': {'PF00831.18': [[3, 60]]}, 'edge_681_1979': {'PF03719.10': [[85, 158]], 'PF00333.15': [[10, 75]]}, 'edge_681_1965': {'PF03947.13': [[124, 250]], 'PF00181.18': [[42, 117]]}, 'edge_681_1968': {'PF00189.15': [[119, 202]]}, 'edge_681_2229': {'PF01509.13': [[33, 180]]}, 'edge_681_1972': {'PF00238.14': [[1, 123]]}, 'edge_141_1365': {'PF03484.10': [[404, 471]]}, 'edge_681_1978': {'PF00861.17': [[2, 117]]}, 'edge_681_1985': {'PF00411.14': [[19, 128]]}, 'edge_681_1359': {'PF04997.7': [[15, 342]], 'PF00623.15': [[344, 486]], 'PF04983.13': [[489, 644]], 'PF05000.12': [[674, 763]]}, 'edge_681_1363': {'PF00687.16': [[32, 220]]}, 'edge_681_2230': {'PF00312.17': [[7, 88]]}, 'edge_681_730': {'PF00318.15': [[9, 225]]}, 'edge_681_1362': {'PF00466.15': [[5, 101]]}, 'edge_681_1969': {'PF00252.13': [[4, 131]]}, 'edge_681_1360': {'PF00562.23': [[717, 1264]], 'PF04560.15': [[1266, 1341]], 'PF04565.11': [[513, 582]], 'PF04563.10': [[27, 509]], 'PF04561.9': [[340, 454]]}, 'edge_681_1966': {'PF00203.16': [[3, 83]]}, 'edge_681_2227': {'PF11987.3': [[675, 782]]}, 'edge_681_1962': {'PF00297.17': [[8, 204]]}, 'edge_681_1961': {'PF00338.17': [[6, 101]]}, 'edge_681_1976': {'PF00410.14': [[5, 129]]}, 'edge_681_1963': {'PF00573.17': [[13, 198]]}, 'edge_681_1974': {'PF00673.16': [[84, 177]], 'PF00281.14': [[24, 80]]}, 'edge_681_1217': {'PF00572.13': [[15, 141]]}, 'edge_141_43': {'PF02978.14': [[329, 427]]}, 'edge_681_1984': {'PF00416.17': [[3, 108]]}, 'edge_681_1364': {'PF03946.9': [[8, 67]], 'PF00298.14': [[72, 140]]}, 'edge_681_1967': {'PF00237.14': [[5, 108]]}, 'edge_681_1964': {'PF00276.15': [[9, 96]]}, 'edge_681_2226': {'PF13184.1': [[230, 296]]}, 'edge_681_855': {'PF00162.14': [[6, 373]]}, 'edge_141_904': {'PF08459.6': [[394, 553]]}, 'edge_681_1956': {'PF00177.16': [[1, 149]]}, 'edge_681_1216': {'PF00380.14': [[10, 130]]}, 'edge_681_1971': {'PF00366.15': [[10, 78]]}, 'edge_681_1955': {'PF00164.20': [[3, 123]]}}
bin_107	{}
bin_108	{}
bin_11	{}
bin_110	{}
bin_111	{}
bin_112	{}
bin_109	{'edge_22_253': {'TIGR00468': [[40, 339]]}, 'edge_21_141': {'TIGR00468': [[40, 339]]}, 'edge_642_106': {'TIGR00329': [[4, 310]]}, 'edge_565_501': {'TIGR00329': [[4, 310]]}, 'edge_22_363': {'TIGR00344': [[5, 853]]}, 'edge_562_99': {'TIGR00967': [[2, 268]]}, 'edge_1113_19': {'TIGR00392': [[14, 869]]}, 'edge_516_29': {'TIGR00392': [[14, 869]]}, 'edge_25_100': {'TIGR00755': [[5, 253]]}, 'edge_562_93': {'PF01000.21': [[62, 151]], 'PF01193.19': [[26, 225]]}, 'edge_562_104': {'PF00347.18': [[48, 122]]}, 'edge_562_126': {'PF00831.18': [[3, 60]]}, 'edge_562_102': {'PF03719.10': [[92, 165]], 'PF00333.15': [[18, 82]]}, 'edge_562_130': {'PF03947.13': [[125, 252]], 'PF00181.18': [[42, 117]]}, 'edge_562_128': {'PF00189.15': [[88, 171]]}, 'edge_22_727': {'PF01509.13': [[31, 180]]}, 'edge_562_110': {'PF00238.14': [[1, 122]]}, 'edge_21_140': {'PF03484.10': [[402, 469]]}, 'edge_22_252': {'PF03484.10': [[402, 469]]}, 'edge_562_103': {'PF00861.17': [[3, 121]]}, 'edge_562_95': {'PF00411.14': [[23, 132]]}, 'edge_610_5': {'PF04997.7': [[15, 343]], 'PF00623.15': [[345, 486]], 'PF04983.13': [[490, 650]], 'PF05000.12': [[679, 769]]}, 'edge_562_156': {'PF04997.7': [[15, 280]]}, 'edge_562_155': {'PF00623.15': [[66, 207]]}, 'edge_562_154': {'PF04983.13': [[21, 95]], 'PF05000.12': [[125, 214]]}, 'edge_610_9': {'PF00687.16': [[32, 220]]}, 'edge_562_160': {'PF00687.16': [[28, 219]]}, 'edge_248_50': {'PF00318.15': [[7, 223]]}, 'edge_610_8': {'PF00466.15': [[5, 100]]}, 'edge_562_159': {'PF00466.15': [[4, 100]]}, 'edge_562_127': {'PF00252.13': [[4, 132]]}, 'edge_610_6': {'PF00562.23': [[722, 1290]], 'PF04560.15': [[1292, 1366]], 'PF04565.11': [[517, 586]], 'PF04561.9': [[350, 458]], 'PF04563.10': [[27, 513]]}, 'edge_562_157': {'PF00562.23': [[723, 1292]], 'PF04560.15': [[1294, 1368]], 'PF04565.11': [[519, 588]], 'PF04561.9': [[355, 460]], 'PF04563.10': [[28, 515]]}, 'edge_562_129': {'PF00203.16': [[3, 83]]}, 'edge_22_729': {'PF11987.3': [[363, 469]]}, 'edge_562_135': {'PF00338.17': [[6, 101]]}, 'edge_562_105': {'PF00410.14': [[5, 130]]}, 'edge_562_132': {'PF00573.17': [[19, 203]]}, 'edge_562_108': {'PF00281.14': [[25, 44]]}, 'edge_188_387': {'PF00572.13': [[15, 141]]}, 'edge_163_248': {'PF02978.14': [[341, 441]]}, 'edge_993_31': {'PF02978.14': [[341, 441]]}, 'edge_562_96': {'PF00416.17': [[3, 108]]}, 'edge_562_161': {'PF03946.9': [[8, 67]], 'PF00298.14': [[72, 140]]}, 'edge_610_10': {'PF03946.9': [[8, 67]], 'PF00298.14': [[72, 140]]}, 'edge_562_131': {'PF00276.15': [[7, 96]]}, 'edge_22_731': {'PF13184.1': [[154, 220]]}, 'edge_139_115': {'PF00162.14': [[15, 384]]}, 'edge_533_134': {'PF00162.14': [[15, 384]]}, 'edge_253_30': {'PF08459.6': [[394, 541]]}, 'edge_562_107': {'PF00673.16': [[18, 111]]}, 'edge_562_142': {'PF00177.16': [[7, 105]]}, 'edge_188_388': {'PF00380.14': [[10, 130]]}, 'edge_562_125': {'PF00366.15': [[18, 85]]}, 'edge_562_143': {'PF00164.20': [[2, 123]]}}
bin_113	{'edge_634_1119': {'TIGR00468': [[40, 334]]}, 'edge_634_724': {'TIGR00329': [[7, 313]]}, 'edge_635_21': {'TIGR00329': [[7, 313]]}, 'edge_634_1202': {'TIGR00344': [[5, 851]]}, 'edge_634_1882': {'TIGR00967': [[18, 443]]}, 'edge_634_1631': {'TIGR00392': [[8, 930]]}, 'edge_634_719': {'TIGR00755': [[3, 247]]}, 'edge_635_16': {'TIGR00755': [[3, 247]]}, 'edge_634_1887': {'PF01193.19': [[27, 225]], 'PF01000.21': [[57, 156]]}, 'edge_634_1877': {'PF00347.18': [[11, 82]]}, 'edge_634_1870': {'PF00831.18': [[4, 60]]}, 'edge_634_1879': {'PF03719.10': [[92, 164]], 'PF00333.15': [[16, 81]]}, 'edge_634_1865': {'PF03947.13': [[126, 251]], 'PF00181.18': [[42, 118]]}, 'edge_634_1868': {'PF00189.15': [[119, 201]]}, 'edge_634_745': {'PF01509.13': [[44, 191]]}, 'edge_635_42': {'PF01509.13': [[44, 191]]}, 'edge_634_1872': {'PF00238.14': [[1, 122]]}, 'edge_634_272': {'PF03484.10': [[421, 486]]}, 'edge_634_1878': {'PF00861.17': [[5, 117]]}, 'edge_634_1885': {'PF00411.14': [[19, 128]]}, 'edge_634_1232': {'PF04997.7': [[8, 356]], 'PF00623.15': [[358, 499]], 'PF04983.13': [[503, 657]], 'PF05000.12': [[686, 767]]}, 'edge_634_1241': {'PF00687.16': [[19, 221]]}, 'edge_634_2': {'PF00312.17': [[7, 88]]}, 'edge_634_1270': {'PF00318.15': [[9, 224]]}, 'edge_634_1240': {'PF00466.15': [[1, 101]]}, 'edge_634_1869': {'PF00252.13': [[4, 133]]}, 'edge_634_1233': {'PF00562.23': [[684, 1198]], 'PF04561.9': [[305, 419]], 'PF04565.11': [[478, 547]], 'PF04560.15': [[1200, 1274]], 'PF04563.10': [[29, 474]]}, 'edge_634_1866': {'PF00203.16': [[3, 83]]}, 'edge_634_1452': {'PF11987.3': [[717, 824]]}, 'edge_634_1862': {'PF00297.17': [[8, 204]]}, 'edge_634_1357': {'PF00338.17': [[5, 101]]}, 'edge_634_1876': {'PF00410.14': [[4, 132]]}, 'edge_634_1863': {'PF00573.17': [[17, 205]]}, 'edge_634_1874': {'PF00673.16': [[87, 181]], 'PF00281.14': [[27, 83]]}, 'edge_634_1268': {'PF00572.13': [[20, 146]]}, 'edge_1020_10': {'PF02978.14': [[326, 423]]}, 'edge_634_395': {'PF02978.14': [[326, 423]]}, 'edge_634_1884': {'PF00416.17': [[3, 109]]}, 'edge_634_1242': {'PF03946.9': [[8, 66]], 'PF00298.14': [[71, 139]]}, 'edge_634_1867': {'PF00237.14': [[22, 128]]}, 'edge_634_1864': {'PF00276.15': [[2, 94]]}, 'edge_634_1667': {'PF00162.14': [[3, 385]]}, 'edge_634_1339': {'PF08459.6': [[384, 534]]}, 'edge_634_1453': {'PF13184.1': [[233, 299]]}, 'edge_634_1359': {'PF00177.16': [[2, 151]]}, 'edge_634_1269': {'PF00380.14': [[8, 128]]}, 'edge_634_1871': {'PF00366.15': [[11, 79]]}, 'edge_634_1360': {'PF00164.20': [[2, 123]]}}
bin_115	{}
bin_114	{'edge_1072_44': {'TIGR00468': [[39, 343]]}, 'edge_674_68': {'TIGR00329': [[4, 311]]}, 'edge_278_146': {'TIGR00344': [[18, 643]]}, 'edge_765_35': {'TIGR00967': [[22, 432]]}, 'edge_270_24': {'TIGR00392': [[23, 873]]}, 'edge_201_110': {'TIGR00755': [[13, 266]]}, 'edge_765_41': {'PF01000.21': [[61, 150]], 'PF01193.19': [[25, 224]]}, 'edge_765_30': {'PF00347.18': [[90, 164]]}, 'edge_765_23': {'PF00831.18': [[3, 60]]}, 'edge_765_32': {'PF03719.10': [[91, 164]], 'PF00333.15': [[17, 81]]}, 'edge_765_18': {'PF03947.13': [[125, 253]], 'PF00181.18': [[42, 117]]}, 'edge_765_21': {'PF00189.15': [[119, 202]]}, 'edge_889_19': {'PF01509.13': [[31, 180]]}, 'edge_294_58': {'PF01509.13': [[39, 190]]}, 'edge_765_25': {'PF00238.14': [[1, 122]]}, 'edge_1072_45': {'PF03484.10': [[408, 474]]}, 'edge_765_31': {'PF00861.17': [[3, 118]]}, 'edge_765_39': {'PF00411.14': [[23, 132]]}, 'edge_1071_28': {'PF00312.17': [[8, 88]]}, 'edge_1094_31': {'PF00318.15': [[8, 224]]}, 'edge_765_22': {'PF00252.13': [[4, 132]]}, 'edge_765_19': {'PF00203.16': [[3, 83]]}, 'edge_294_60': {'PF11987.3': [[752, 859]]}, 'edge_889_17': {'PF11987.3': [[802, 908]]}, 'edge_765_15': {'PF00297.17': [[9, 206]]}, 'edge_765_14': {'PF00338.17': [[7, 103]]}, 'edge_765_29': {'PF00410.14': [[5, 130]]}, 'edge_765_16': {'PF00573.17': [[17, 203]]}, 'edge_765_27': {'PF00673.16': [[85, 178]], 'PF00281.14': [[25, 81]]}, 'edge_201_139': {'PF00572.13': [[15, 141]]}, 'edge_26_13': {'PF02978.14': [[349, 448]]}, 'edge_765_38': {'PF00416.17': [[3, 108]]}, 'edge_765_20': {'PF00237.14': [[5, 107]]}, 'edge_765_17': {'PF00276.15': [[13, 102]]}, 'edge_294_61': {'PF13184.1': [[232, 298]]}, 'edge_889_16': {'PF13184.1': [[232, 298]]}, 'edge_201_26': {'PF00162.14': [[13, 388]]}, 'edge_447_6': {'PF08459.6': [[450, 601]]}, 'edge_765_11': {'PF00177.16': [[1, 149]]}, 'edge_201_138': {'PF00380.14': [[10, 130]]}, 'edge_765_24': {'PF00366.15': [[14, 81]]}, 'edge_765_10': {'PF00164.20': [[2, 123]]}}
bin_117	{}
bin_118	{}
bin_119	{}
bin_116	{'edge_1099_176': {'TIGR00468': [[38, 337]]}, 'edge_588_570': {'TIGR00468': [[43, 339]]}, 'edge_685_47': {'TIGR00329': [[4, 310]]}, 'edge_588_3348': {'TIGR00329': [[1, 276]]}, 'edge_588_2457': {'TIGR00344': [[5, 852]]}, 'edge_1033_166': {'TIGR00344': [[5, 415]]}, 'edge_588_1763': {'TIGR00967': [[18, 424]]}, 'edge_1128_39': {'TIGR00967': [[21, 424]]}, 'edge_527_83': {'TIGR00392': [[15, 849]]}, 'edge_588_101': {'TIGR00392': [[14, 870]]}, 'edge_685_36': {'TIGR00755': [[8, 260]]}, 'edge_588_2142': {'TIGR00755': [[5, 253]]}, 'edge_588_1757': {'PF01000.21': [[62, 151]], 'PF01193.19': [[26, 225]]}, 'edge_1128_43': {'PF01000.21': [[64, 155]], 'PF01193.19': [[28, 227]]}, 'edge_1128_34': {'PF00347.18': [[90, 164]]}, 'edge_588_1768': {'PF00347.18': [[90, 164]]}, 'edge_1128_27': {'PF00831.18': [[3, 59]]}, 'edge_588_1784': {'PF00831.18': [[3, 60]]}, 'edge_1128_36': {'PF03719.10': [[88, 159]], 'PF00333.15': [[14, 76]]}, 'edge_588_1766': {'PF03719.10': [[92, 165]], 'PF00333.15': [[18, 82]]}, 'edge_1128_22': {'PF03947.13': [[125, 252]], 'PF00181.18': [[42, 118]]}, 'edge_588_1789': {'PF03947.13': [[125, 252]], 'PF00181.18': [[42, 118]]}, 'edge_1128_25': {'PF00189.15': [[120, 202]]}, 'edge_588_1786': {'PF00189.15': [[119, 202]]}, 'edge_371_719': {'PF01509.13': [[33, 180]]}, 'edge_588_398': {'PF01509.13': [[31, 181]]}, 'edge_1128_29': {'PF00238.14': [[1, 122]]}, 'edge_588_1773': {'PF00238.14': [[1, 122]]}, 'edge_1099_175': {'PF03484.10': [[404, 471]]}, 'edge_588_569': {'PF03484.10': [[402, 469]]}, 'edge_1128_35': {'PF00861.17': [[3, 116]]}, 'edge_588_1767': {'PF00861.17': [[2, 121]]}, 'edge_588_1759': {'PF00411.14': [[23, 132]]}, 'edge_1128_41': {'PF00411.14': [[19, 128]]}, 'edge_1128_13': {'PF04997.7': [[15, 342]], 'PF00623.15': [[344, 486]], 'PF04983.13': [[489, 643]], 'PF05000.12': [[674, 763]]}, 'edge_588_1807': {'PF04997.7': [[15, 342]], 'PF00623.15': [[344, 485]], 'PF04983.13': [[489, 644]], 'PF05000.12': [[674, 763]]}, 'edge_588_1811': {'PF00687.16': [[32, 219]]}, 'edge_1128_9': {'PF00687.16': [[24, 221]]}, 'edge_588_6': {'PF00312.17': [[8, 88]]}, 'edge_371_720': {'PF00312.17': [[8, 88]]}, 'edge_371_1042': {'PF00318.15': [[9, 225]]}, 'edge_588_3549': {'PF00318.15': [[7, 223]]}, 'edge_1128_10': {'PF00466.15': [[5, 101]]}, 'edge_588_1810': {'PF00466.15': [[4, 100]]}, 'edge_588_1785': {'PF00252.13': [[4, 132]]}, 'edge_1128_26': {'PF00252.13': [[4, 133]]}, 'edge_1128_12': {'PF00562.23': [[720, 1279]], 'PF04560.15': [[1281, 1356]], 'PF04565.11': [[518, 587]], 'PF04561.9': [[359, 459]], 'PF04563.10': [[27, 514]]}, 'edge_588_1808': {'PF00562.23': [[723, 1292]], 'PF04560.15': [[1294, 1368]], 'PF04565.11': [[519, 588]], 'PF04561.9': [[355, 460]], 'PF04563.10': [[29, 515]]}, 'edge_588_1788': {'PF00203.16': [[3, 83]]}, 'edge_1128_23': {'PF00203.16': [[3, 83]]}, 'edge_588_400': {'PF11987.3': [[826, 932]]}, 'edge_371_717': {'PF11987.3': [[621, 728]]}, 'edge_1128_19': {'PF00297.17': [[9, 204]]}, 'edge_588_1792': {'PF00297.17': [[19, 218]]}, 'edge_1128_18': {'PF00338.17': [[6, 101]]}, 'edge_588_1793': {'PF00338.17': [[6, 101]]}, 'edge_588_1769': {'PF00410.14': [[5, 130]]}, 'edge_1128_33': {'PF00410.14': [[5, 130]]}, 'edge_1128_20': {'PF00573.17': [[11, 197]]}, 'edge_588_1791': {'PF00573.17': [[18, 202]]}, 'edge_1128_31': {'PF00673.16': [[84, 177]], 'PF00281.14': [[24, 80]]}, 'edge_588_1771': {'PF00673.16': [[84, 177]], 'PF00281.14': [[24, 80]]}, 'edge_527_333': {'PF00572.13': [[15, 141]]}, 'edge_588_1231': {'PF00572.13': [[15, 140]]}, 'edge_371_965': {'PF02978.14': [[329, 430]]}, 'edge_588_2541': {'PF02978.14': [[341, 441]]}, 'edge_1128_40': {'PF00416.17': [[3, 108]]}, 'edge_588_1760': {'PF00416.17': [[3, 108]]}, 'edge_588_1812': {'PF03946.9': [[8, 67]], 'PF00298.14': [[72, 140]]}, 'edge_1128_8': {'PF03946.9': [[8, 67]], 'PF00298.14': [[72, 140]]}, 'edge_1128_24': {'PF00237.14': [[5, 108]]}, 'edge_588_1787': {'PF00237.14': [[5, 107]]}, 'edge_588_1693': {'PF00237.14': [[23, 115]]}, 'edge_588_1790': {'PF00276.15': [[7, 96]]}, 'edge_1128_21': {'PF00276.15': [[8, 96]]}, 'edge_371_716': {'PF13184.1': [[232, 299]]}, 'edge_588_401': {'PF13184.1': [[232, 298]]}, 'edge_685_162': {'PF00162.14': [[6, 373]]}, 'edge_588_312': {'PF00162.14': [[15, 384]]}, 'edge_381_121': {'PF08459.6': [[1, 155]]}, 'edge_588_370': {'PF08459.6': [[393, 540]]}, 'edge_1128_15': {'PF00177.16': [[1, 149]]}, 'edge_588_1796': {'PF00177.16': [[1, 149]]}, 'edge_527_334': {'PF00380.14': [[10, 130]]}, 'edge_588_1230': {'PF00380.14': [[10, 130]]}, 'edge_1128_28': {'PF00366.15': [[13, 81]]}, 'edge_588_1783': {'PF00366.15': [[18, 85]]}, 'edge_588_1797': {'PF00164.20': [[2, 123]]}, 'edge_1128_14': {'PF00164.20': [[3, 123]]}}
bin_12	{}
bin_120	{}
bin_121	{}
bin_122	{}
bin_123	{'edge_1021_8': {'PF02978.14': [[326, 423]]}}
bin_124	{}
bin_125	{}
bin_126	{}
bin_127	{}
bin_128	{}
bin_129	{}
bin_130	{}
bin_13	{'edge_1080_1965': {'TIGR00468': [[191, 494]]}, 'edge_1080_2138': {'TIGR00329': [[4, 311]]}, 'edge_1080_1648': {'TIGR00344': [[64, 899]]}, 'edge_1080_2739': {'TIGR00967': [[27, 475]]}, 'edge_1080_217': {'TIGR00392': [[6, 849]]}, 'edge_1080_2936': {'TIGR00755': [[34, 280]]}, 'edge_1080_2969': {'PF01000.21': [[48, 142]], 'PF01193.19': [[18, 248]]}, 'edge_1080_2746': {'PF00347.18': [[92, 166]]}, 'edge_1080_2755': {'PF00831.18': [[7, 63]]}, 'edge_1080_2742': {'PF00333.15': [[50, 114]], 'PF03719.10': [[134, 200]]}, 'edge_1080_2759': {'PF03947.13': [[88, 221]], 'PF00181.18': [[11, 80]]}, 'edge_1080_2756': {'PF00189.15': [[99, 182]]}, 'edge_1080_2683': {'PF01509.13': [[38, 88]]}, 'edge_1080_2752': {'PF00238.14': [[13, 132]]}, 'edge_1080_1966': {'PF03484.10': [[289, 357]]}, 'edge_1080_2743': {'PF00861.17': [[11, 130]]}, 'edge_1080_2970': {'PF00411.14': [[11, 129]]}, 'edge_1080_1523': {'PF04997.7': [[5, 383]], 'PF00623.15': [[385, 550]], 'PF05000.12': [[732, 837]], 'PF04983.13': [[554, 705]]}, 'edge_1080_2946': {'PF00687.16': [[15, 207]]}, 'edge_1080_690': {'PF00312.17': [[67, 150]]}, 'edge_1080_2962': {'PF00318.15': [[179, 243]]}, 'edge_1080_2945': {'PF00466.15': [[13, 107]]}, 'edge_1080_1409': {'PF00252.13': [[2, 160]]}, 'edge_1080_1525': {'PF04563.10': [[19, 411]], 'PF04561.9': [[176, 354]], 'PF04565.11': [[422, 485]]}, 'edge_1080_2758': {'PF00203.16': [[51, 123]]}, 'edge_1080_2211': {'PF11987.3': [[348, 449]]}, 'edge_1080_2762': {'PF00297.17': [[35, 302]]}, 'edge_1080_1513': {'PF00338.17': [[4, 98]]}, 'edge_1080_364': {'PF00338.17': [[21, 105]]}, 'edge_1080_2747': {'PF00410.14': [[5, 130]]}, 'edge_1080_2761': {'PF00573.17': [[17, 248]]}, 'edge_1080_2749': {'PF00673.16': [[64, 156]], 'PF00281.14': [[8, 60]]}, 'edge_1080_2967': {'PF00572.13': [[10, 93]]}, 'edge_1080_1726': {'PF02978.14': [[324, 426]]}, 'edge_1080_2972': {'PF00416.17': [[22, 149]]}, 'edge_1080_2947': {'PF00298.14': [[68, 135]], 'PF03946.9': [[5, 62]]}, 'edge_1080_2757': {'PF00237.14': [[18, 150]]}, 'edge_1080_1524': {'PF00562.23': [[138, 512]], 'PF04560.15': [[514, 605]]}, 'edge_1080_2760': {'PF00276.15': [[1, 79]]}, 'edge_1080_1413': {'PF00162.14': [[6, 389]]}, 'edge_1080_1873': {'PF08459.6': [[368, 515]]}, 'edge_1080_1519': {'PF00177.16': [[51, 204]]}, 'edge_1080_2966': {'PF00380.14': [[7, 132]]}, 'edge_1080_2753': {'PF00366.15': [[39, 109]]}, 'edge_1080_1520': {'PF00164.20': [[7, 140]]}}
bin_131	{}
bin_132	{}
bin_133	{}
bin_134	{}
bin_135	{}
bin_136	{}
bin_137	{}
bin_138	{}
bin_139	{}
bin_14	{}
bin_140	{}
bin_142	{}
bin_141	{'edge_728_39': {'TIGR00468': [[41, 345]]}, 'edge_8_31': {'TIGR00329': [[10, 314]]}, 'edge_728_908': {'TIGR00344': [[8, 859]]}, 'edge_8_95': {'TIGR00967': [[15, 425]]}, 'edge_728_127': {'TIGR00392': [[13, 834]]}, 'edge_8_181': {'TIGR00755': [[24, 290]]}, 'edge_8_89': {'PF01000.21': [[57, 150]], 'PF01193.19': [[24, 219]]}, 'edge_8_100': {'PF00347.18': [[88, 162]]}, 'edge_8_107': {'PF00831.18': [[3, 59]]}, 'edge_8_98': {'PF00333.15': [[17, 81]], 'PF03719.10': [[91, 163]]}, 'edge_8_112': {'PF03947.13': [[124, 252]], 'PF00181.18': [[42, 118]]}, 'edge_8_109': {'PF00189.15': [[119, 201]]}, 'edge_728_461': {'PF01509.13': [[24, 178]]}, 'edge_8_105': {'PF00238.14': [[1, 122]]}, 'edge_728_40': {'PF03484.10': [[410, 476]]}, 'edge_8_99': {'PF00861.17': [[7, 119]]}, 'edge_8_90': {'PF00411.14': [[19, 128]]}, 'edge_8_122': {'PF04997.7': [[5, 331]], 'PF00623.15': [[333, 474]], 'PF04983.13': [[478, 663]], 'PF05000.12': [[692, 754]]}, 'edge_8_52': {'PF00687.16': [[10, 221]]}, 'edge_728_155': {'PF00312.17': [[7, 88]]}, 'edge_728_476': {'PF00318.15': [[9, 225]]}, 'edge_8_49': {'PF00466.15': [[7, 102]]}, 'edge_8_108': {'PF00252.13': [[5, 133]]}, 'edge_8_123': {'PF00562.23': [[679, 1066]], 'PF04563.10': [[28, 470]], 'PF04561.9': [[140, 293]], 'PF04560.15': [[1068, 1142]], 'PF04565.11': [[474, 543]]}, 'edge_8_111': {'PF00203.16': [[3, 83]]}, 'edge_728_463': {'PF11987.3': [[684, 790]]}, 'edge_8_115': {'PF00297.17': [[9, 202]]}, 'edge_8_116': {'PF00338.17': [[6, 102]]}, 'edge_8_101': {'PF00410.14': [[5, 132]]}, 'edge_8_114': {'PF00573.17': [[17, 202]]}, 'edge_8_103': {'PF00673.16': [[86, 178]], 'PF00281.14': [[26, 81]]}, 'edge_8_83': {'PF00572.13': [[16, 142]]}, 'edge_728_499': {'PF02978.14': [[327, 426]]}, 'edge_8_91': {'PF00416.17': [[3, 108]]}, 'edge_8_53': {'PF00298.14': [[71, 139]], 'PF03946.9': [[8, 66]]}, 'edge_8_110': {'PF00237.14': [[10, 114]]}, 'edge_8_113': {'PF00276.15': [[5, 92]]}, 'edge_728_466': {'PF13184.1': [[229, 294]]}, 'edge_728_662': {'PF00162.14': [[6, 392]]}, 'edge_728_180': {'PF08459.6': [[374, 535]]}, 'edge_8_119': {'PF00177.16': [[1, 149]]}, 'edge_8_82': {'PF00380.14': [[11, 131]]}, 'edge_8_106': {'PF00366.15': [[15, 83]]}, 'edge_8_120': {'PF00164.20': [[2, 134]]}}
bin_143	{}
bin_144	{}
bin_145	{}
bin_146	{}
bin_147	{}
bin_148	{}
bin_149	{}
bin_15	{}
bin_151	{}
bin_152	{}
bin_153	{}
bin_154	{}
bin_155	{}
bin_156	{}
bin_150	{'edge_579_664': {'TIGR00468': [[40, 343]]}, 'edge_192_238': {'TIGR00468': [[39, 343]]}, 'edge_508_61': {'TIGR00468': [[39, 352]]}, 'edge_145_1088': {'TIGR00468': [[48, 351]]}, 'edge_192_2468': {'TIGR00329': [[8, 322]]}, 'edge_508_281': {'TIGR00329': [[4, 295]]}, 'edge_145_1002': {'TIGR00329': [[7, 316]]}, 'edge_579_525': {'TIGR00329': [[4, 315]]}, 'edge_192_1729': {'TIGR00344': [[16, 878]]}, 'edge_508_896': {'TIGR00344': [[6, 867]]}, 'edge_579_3971': {'TIGR00344': [[6, 872]]}, 'edge_145_725': {'TIGR00344': [[5, 872]]}, 'edge_579_4394': {'TIGR00967': [[24, 429]]}, 'edge_508_885': {'TIGR00967': [[24, 430]]}, 'edge_192_1769': {'TIGR00967': [[24, 430]]}, 'edge_145_1465': {'TIGR00967': [[14, 428]]}, 'edge_192_609': {'TIGR00392': [[21, 872]]}, 'edge_571_947': {'TIGR00392': [[19, 876]]}, 'edge_145_1292': {'TIGR00392': [[27, 912]]}, 'edge_579_1797': {'TIGR00392': [[27, 924]]}, 'edge_145_1761': {'TIGR00755': [[42, 303]]}, 'edge_508_1357': {'TIGR00755': [[19, 273]]}, 'edge_579_5682': {'TIGR00755': [[20, 276]]}, 'edge_192_1021': {'TIGR00755': [[21, 275]]}, 'edge_508_889': {'PF01000.21': [[61, 157]], 'PF01193.19': [[31, 226]]}, 'edge_192_1765': {'PF01000.21': [[60, 156]], 'PF01193.19': [[30, 225]]}, 'edge_579_4398': {'PF01000.21': [[70, 163]], 'PF01193.19': [[37, 233]]}, 'edge_145_1459': {'PF01000.21': [[60, 150]], 'PF01193.19': [[23, 219]]}, 'edge_579_4389': {'PF00347.18': [[91, 164]]}, 'edge_508_880': {'PF00347.18': [[91, 164]]}, 'edge_192_1774': {'PF00347.18': [[91, 164]]}, 'edge_145_1470': {'PF00347.18': [[91, 165]]}, 'edge_192_1781': {'PF00831.18': [[3, 60]]}, 'edge_508_873': {'PF00831.18': [[3, 60]]}, 'edge_145_1477': {'PF00831.18': [[10, 67]]}, 'edge_579_4382': {'PF00831.18': [[6, 62]]}, 'edge_508_882': {'PF03719.10': [[95, 168]], 'PF00333.15': [[20, 84]]}, 'edge_192_1772': {'PF03719.10': [[97, 170]], 'PF00333.15': [[22, 86]]}, 'edge_579_4391': {'PF03719.10': [[105, 177]], 'PF00333.15': [[30, 94]]}, 'edge_145_1468': {'PF03719.10': [[130, 203]], 'PF00333.15': [[56, 121]]}, 'edge_508_868': {'PF03947.13': [[125, 252]], 'PF00181.18': [[42, 117]]}, 'edge_579_4377': {'PF03947.13': [[125, 252]], 'PF00181.18': [[42, 117]]}, 'edge_192_1786': {'PF03947.13': [[126, 253]], 'PF00181.18': [[42, 117]]}, 'edge_145_1482': {'PF03947.13': [[125, 249]], 'PF00181.18': [[42, 119]]}, 'edge_508_871': {'PF00189.15': [[119, 202]]}, 'edge_579_4380': {'PF00189.15': [[119, 202]]}, 'edge_192_1783': {'PF00189.15': [[119, 202]]}, 'edge_145_1479': {'PF00189.15': [[124, 206]]}, 'edge_508_20': {'PF01509.13': [[34, 182]]}, 'edge_192_74': {'PF01509.13': [[39, 187]]}, 'edge_579_772': {'PF01509.13': [[84, 232]]}, 'edge_145_1448': {'PF01509.13': [[56, 122]]}, 'edge_508_875': {'PF00238.14': [[1, 122]]}, 'edge_192_1779': {'PF00238.14': [[1, 122]]}, 'edge_579_4384': {'PF00238.14': [[1, 122]]}, 'edge_145_1475': {'PF00238.14': [[1, 122]]}, 'edge_508_60': {'PF03484.10': [[404, 471]]}, 'edge_192_239': {'PF03484.10': [[402, 469]]}, 'edge_579_662': {'PF03484.10': [[403, 469]]}, 'edge_145_1087': {'PF03484.10': [[446, 514]]}, 'edge_508_24': {'PF13184.1': [[234, 300]]}, 'edge_192_78': {'PF13184.1': [[234, 300]]}, 'edge_579_776': {'PF13184.1': [[234, 301]]}, 'edge_145_1451': {'PF13184.1': [[218, 285]]}, 'edge_145_1469': {'PF00861.17': [[10, 122]]}, 'edge_579_4390': {'PF00861.17': [[8, 120]]}, 'edge_508_881': {'PF00861.17': [[5, 120]]}, 'edge_192_1773': {'PF00861.17': [[5, 120]]}, 'edge_192_1766': {'PF00411.14': [[19, 128]]}, 'edge_508_888': {'PF00411.14': [[19, 128]]}, 'edge_579_4397': {'PF00411.14': [[19, 128]]}, 'edge_145_1460': {'PF00411.14': [[22, 131]]}, 'edge_579_4365': {'PF04997.7': [[18, 344]], 'PF00623.15': [[346, 488]], 'PF04983.13': [[491, 644]], 'PF05000.12': [[673, 758]]}, 'edge_192_1797': {'PF04997.7': [[16, 344]], 'PF00623.15': [[346, 488]], 'PF04983.13': [[491, 644]], 'PF05000.12': [[673, 759]]}, 'edge_508_858': {'PF04997.7': [[16, 344]], 'PF00623.15': [[346, 488]], 'PF04983.13': [[491, 644]], 'PF05000.12': [[673, 759]]}, 'edge_145_339': {'PF04997.7': [[6, 418]], 'PF00623.15': [[420, 561]], 'PF04983.13': [[565, 740]], 'PF05000.12': [[774, 835]]}, 'edge_579_4360': {'PF00687.16': [[30, 220]]}, 'edge_508_854': {'PF00687.16': [[32, 220]]}, 'edge_145_128': {'PF00687.16': [[32, 220]]}, 'edge_192_1801': {'PF00687.16': [[32, 221]]}, 'edge_192_73': {'PF00312.17': [[7, 88]]}, 'edge_145_1556': {'PF00312.17': [[7, 88]]}, 'edge_508_19': {'PF00312.17': [[7, 88]]}, 'edge_579_771': {'PF00312.17': [[7, 88]]}, 'edge_192_1276': {'PF00318.15': [[11, 224]]}, 'edge_508_936': {'PF00318.15': [[11, 224]]}, 'edge_579_4843': {'PF00318.15': [[11, 225]]}, 'edge_145_993': {'PF00318.15': [[9, 225]]}, 'edge_145_1520': {'PF00466.15': [[1, 98]]}, 'edge_508_855': {'PF00466.15': [[1, 98]]}, 'edge_192_1800': {'PF00466.15': [[1, 98]]}, 'edge_579_4362': {'PF00466.15': [[12, 107]]}, 'edge_508_872': {'PF00252.13': [[4, 133]]}, 'edge_579_4381': {'PF00252.13': [[4, 132]]}, 'edge_192_1782': {'PF00252.13': [[4, 133]]}, 'edge_145_1478': {'PF00252.13': [[4, 132]]}, 'edge_579_4364': {'PF00562.23': [[672, 1282]], 'PF04565.11': [[522, 591]], 'PF04560.15': [[1284, 1359]], 'PF04561.9': [[357, 463]], 'PF04563.10': [[28, 518]]}, 'edge_192_1798': {'PF00562.23': [[726, 1285]], 'PF04565.11': [[523, 592]], 'PF04560.15': [[1287, 1362]], 'PF04561.9': [[357, 464]], 'PF04563.10': [[28, 519]]}, 'edge_508_857': {'PF00562.23': [[726, 1286]], 'PF04565.11': [[523, 592]], 'PF04560.15': [[1288, 1362]], 'PF04561.9': [[360, 464]], 'PF04563.10': [[28, 519]]}, 'edge_145_338': {'PF00562.23': [[627, 1105]], 'PF04565.11': [[476, 545]], 'PF04560.15': [[1107, 1181]], 'PF04561.9': [[218, 417]], 'PF04563.10': [[88, 472]]}, 'edge_145_1481': {'PF00203.16': [[3, 83]]}, 'edge_579_4378': {'PF00203.16': [[3, 83]]}, 'edge_192_1785': {'PF00203.16': [[3, 83]]}, 'edge_508_869': {'PF00203.16': [[3, 83]]}, 'edge_508_22': {'PF11987.3': [[743, 850]]}, 'edge_192_76': {'PF11987.3': [[699, 806]]}, 'edge_579_774': {'PF11987.3': [[686, 793]]}, 'edge_145_1450': {'PF11987.3': [[771, 878]]}, 'edge_145_1485': {'PF00297.17': [[15, 211]]}, 'edge_192_1789': {'PF00297.17': [[9, 205]]}, 'edge_508_865': {'PF00297.17': [[9, 205]]}, 'edge_579_4374': {'PF00297.17': [[9, 205]]}, 'edge_579_4373': {'PF00338.17': [[6, 102]]}, 'edge_192_1790': {'PF00338.17': [[6, 102]]}, 'edge_508_864': {'PF00338.17': [[6, 102]]}, 'edge_145_1486': {'PF00338.17': [[6, 102]]}, 'edge_508_879': {'PF00410.14': [[5, 132]]}, 'edge_579_4388': {'PF00410.14': [[5, 132]]}, 'edge_145_1471': {'PF00410.14': [[5, 132]]}, 'edge_192_1775': {'PF00410.14': [[5, 132]]}, 'edge_192_1788': {'PF00573.17': [[16, 204]]}, 'edge_508_866': {'PF00573.17': [[16, 204]]}, 'edge_579_4375': {'PF00573.17': [[16, 203]]}, 'edge_145_1484': {'PF00573.17': [[34, 209]]}, 'edge_192_1777': {'PF00673.16': [[89, 182]], 'PF00281.14': [[29, 85]]}, 'edge_145_1473': {'PF00673.16': [[95, 188]], 'PF00281.14': [[34, 90]]}, 'edge_508_877': {'PF00673.16': [[90, 183]], 'PF00281.14': [[30, 86]]}, 'edge_579_4386': {'PF00673.16': [[90, 183]], 'PF00281.14': [[30, 86]]}, 'edge_192_1156': {'PF00572.13': [[15, 142]]}, 'edge_508_1255': {'PF00572.13': [[15, 142]]}, 'edge_579_4720': {'PF00572.13': [[15, 142]]}, 'edge_145_1496': {'PF00572.13': [[15, 140]]}, 'edge_145_254': {'PF02978.14': [[345, 443]]}, 'edge_508_331': {'PF02978.14': [[327, 427]]}, 'edge_192_2516': {'PF02978.14': [[327, 427]]}, 'edge_579_437': {'PF02978.14': [[327, 427]]}, 'edge_192_1767': {'PF00416.17': [[3, 109]]}, 'edge_508_887': {'PF00416.17': [[3, 109]]}, 'edge_145_1461': {'PF00416.17': [[3, 109]]}, 'edge_579_4396': {'PF00416.17': [[3, 109]]}, 'edge_192_1802': {'PF03946.9': [[9, 67]], 'PF00298.14': [[72, 141]]}, 'edge_145_127': {'PF03946.9': [[11, 68]], 'PF00298.14': [[73, 141]]}, 'edge_579_4359': {'PF03946.9': [[8, 67]], 'PF00298.14': [[72, 140]]}, 'edge_508_853': {'PF03946.9': [[9, 67]], 'PF00298.14': [[72, 140]]}, 'edge_192_1784': {'PF00237.14': [[17, 121]]}, 'edge_508_870': {'PF00237.14': [[17, 121]]}, 'edge_145_1480': {'PF00237.14': [[5, 113]]}, 'edge_579_4379': {'PF00237.14': [[17, 120]]}, 'edge_508_867': {'PF00276.15': [[7, 94]]}, 'edge_192_1787': {'PF00276.15': [[7, 94]]}, 'edge_579_4376': {'PF00276.15': [[10, 97]]}, 'edge_145_1483': {'PF00276.15': [[10, 96]]}, 'edge_145_963': {'PF00162.14': [[3, 392]]}, 'edge_579_8200': {'PF00162.14': [[7, 387]]}, 'edge_508_416': {'PF00162.14': [[5, 386]]}, 'edge_466_1053': {'PF00162.14': [[6, 388]]}, 'edge_508_1341': {'PF08459.6': [[449, 621]]}, 'edge_579_1810': {'PF08459.6': [[447, 616]]}, 'edge_192_1043': {'PF08459.6': [[432, 611]]}, 'edge_145_967': {'PF08459.6': [[526, 725]]}, 'edge_192_1793': {'PF00177.16': [[1, 149]]}, 'edge_579_4370': {'PF00177.16': [[1, 149]]}, 'edge_508_861': {'PF00177.16': [[1, 149]]}, 'edge_145_1221': {'PF00177.16': [[1, 149]]}, 'edge_508_1256': {'PF00380.14': [[38, 158]]}, 'edge_579_4721': {'PF00380.14': [[39, 159]]}, 'edge_192_1155': {'PF00380.14': [[35, 155]]}, 'edge_145_1495': {'PF00380.14': [[42, 163]]}, 'edge_192_1780': {'PF00366.15': [[8, 75]]}, 'edge_579_4383': {'PF00366.15': [[8, 75]]}, 'edge_145_1476': {'PF00366.15': [[15, 80]]}, 'edge_508_874': {'PF00366.15': [[8, 74]]}, 'edge_192_1794': {'PF00164.20': [[2, 123]]}, 'edge_508_860': {'PF00164.20': [[2, 123]]}, 'edge_145_1222': {'PF00164.20': [[2, 123]]}, 'edge_579_4369': {'PF00164.20': [[2, 123]]}}
bin_157	{}
bin_158	{}
bin_159	{}
bin_16	{}
bin_161	{}
bin_160	{'edge_158_118': {'TIGR00468': [[43, 347]]}, 'edge_383_1379': {'TIGR00468': [[43, 346]]}, 'edge_383_245': {'TIGR00329': [[7, 307]]}, 'edge_158_595': {'TIGR00329': [[7, 307]]}, 'edge_384_387': {'TIGR00344': [[8, 855]]}, 'edge_383_719': {'TIGR00344': [[8, 855]]}, 'edge_383_2031': {'TIGR00967': [[16, 426]]}, 'edge_158_739': {'TIGR00967': [[16, 423]]}, 'edge_383_647': {'TIGR00392': [[14, 834]]}, 'edge_384_673': {'TIGR00392': [[14, 834]]}, 'edge_158_622': {'TIGR00755': [[18, 284]]}, 'edge_383_219': {'TIGR00755': [[18, 284]]}, 'edge_158_733': {'PF01000.21': [[57, 150]], 'PF01193.19': [[23, 220]]}, 'edge_383_2025': {'PF01000.21': [[57, 150]], 'PF01193.19': [[23, 220]]}, 'edge_158_744': {'PF00347.18': [[12, 82]]}, 'edge_383_2036': {'PF00347.18': [[91, 164]]}, 'edge_158_751': {'PF00831.18': [[11, 66]]}, 'edge_383_2043': {'PF00831.18': [[11, 66]]}, 'edge_383_2034': {'PF00333.15': [[9, 74]], 'PF03719.10': [[84, 157]]}, 'edge_158_742': {'PF00333.15': [[9, 74]], 'PF03719.10': [[84, 157]]}, 'edge_383_2048': {'PF03947.13': [[124, 253]], 'PF00181.18': [[42, 118]]}, 'edge_158_756': {'PF03947.13': [[124, 253]], 'PF00181.18': [[42, 118]]}, 'edge_158_753': {'PF00189.15': [[119, 201]]}, 'edge_383_2045': {'PF00189.15': [[118, 201]]}, 'edge_406_64': {'PF01509.13': [[11, 164]]}, 'edge_383_1026': {'PF01509.13': [[24, 179]]}, 'edge_383_2041': {'PF00238.14': [[1, 122]]}, 'edge_158_749': {'PF00238.14': [[1, 122]]}, 'edge_383_1378': {'PF03484.10': [[410, 476]]}, 'edge_158_116': {'PF03484.10': [[410, 477]]}, 'edge_383_2035': {'PF00861.17': [[7, 118]]}, 'edge_158_743': {'PF00861.17': [[7, 118]]}, 'edge_383_2026': {'PF00411.14': [[17, 126]]}, 'edge_158_734': {'PF00411.14': [[17, 126]]}, 'edge_158_691': {'PF04997.7': [[5, 332]], 'PF00623.15': [[334, 475]], 'PF04983.13': [[479, 664]], 'PF05000.12': [[707, 760]]}, 'edge_383_2006': {'PF04997.7': [[5, 332]], 'PF00623.15': [[334, 475]], 'PF04983.13': [[479, 664]], 'PF05000.12': [[706, 760]]}, 'edge_158_642': {'PF00687.16': [[20, 221]]}, 'edge_383_1625': {'PF00687.16': [[23, 220]]}, 'edge_383_1886': {'PF00312.17': [[7, 88]]}, 'edge_384_102': {'PF00312.17': [[7, 88]]}, 'edge_384_12': {'PF00318.15': [[9, 225]]}, 'edge_383_81': {'PF00318.15': [[9, 225]]}, 'edge_383_1258': {'PF00466.15': [[7, 102]]}, 'edge_384_458': {'PF00466.15': [[7, 102]]}, 'edge_383_2044': {'PF00252.13': [[4, 133]]}, 'edge_158_752': {'PF00252.13': [[4, 133]]}, 'edge_383_2007': {'PF00562.23': [[626, 1065]], 'PF04563.10': [[28, 469]], 'PF04561.9': [[140, 290]], 'PF04560.15': [[1067, 1141]], 'PF04565.11': [[473, 538]]}, 'edge_158_692': {'PF00562.23': [[626, 1069]], 'PF04563.10': [[28, 469]], 'PF04561.9': [[140, 288]], 'PF04560.15': [[1071, 1145]], 'PF04565.11': [[473, 541]]}, 'edge_383_2047': {'PF00203.16': [[3, 83]]}, 'edge_158_755': {'PF00203.16': [[3, 83]]}, 'edge_383_393': {'PF11987.3': [[750, 856]]}, 'edge_384_274': {'PF11987.3': [[729, 835]]}, 'edge_158_759': {'PF00297.17': [[9, 201]]}, 'edge_383_2051': {'PF00297.17': [[9, 201]]}, 'edge_383_2052': {'PF00338.17': [[6, 102]]}, 'edge_158_760': {'PF00338.17': [[6, 102]]}, 'edge_158_745': {'PF00410.14': [[5, 132]]}, 'edge_383_2037': {'PF00410.14': [[5, 132]]}, 'edge_383_2050': {'PF00573.17': [[17, 204]]}, 'edge_158_758': {'PF00573.17': [[17, 204]]}, 'edge_158_747': {'PF00673.16': [[86, 178]], 'PF00281.14': [[25, 81]]}, 'edge_383_2039': {'PF00673.16': [[86, 178]], 'PF00281.14': [[25, 81]]}, 'edge_384_33': {'PF00572.13': [[17, 143]]}, 'edge_383_1866': {'PF00572.13': [[17, 143]]}, 'edge_406_153': {'PF02978.14': [[328, 427]]}, 'edge_383_1120': {'PF02978.14': [[328, 427]]}, 'edge_158_735': {'PF00416.17': [[3, 108]]}, 'edge_383_2027': {'PF00416.17': [[3, 108]]}, 'edge_158_643': {'PF00298.14': [[71, 139]], 'PF03946.9': [[8, 66]]}, 'edge_383_1626': {'PF00298.14': [[71, 139]], 'PF03946.9': [[9, 66]]}, 'edge_383_2046': {'PF00237.14': [[9, 113]]}, 'edge_158_754': {'PF00237.14': [[9, 113]]}, 'edge_383_2049': {'PF00276.15': [[4, 91]]}, 'edge_158_757': {'PF00276.15': [[4, 91]]}, 'edge_383_390': {'PF13184.1': [[248, 330]]}, 'edge_384_271': {'PF13184.1': [[225, 306]]}, 'edge_158_605': {'PF00162.14': [[5, 388]]}, 'edge_383_232': {'PF00162.14': [[5, 387]]}, 'edge_158_127': {'PF08459.6': [[373, 525]]}, 'edge_383_961': {'PF08459.6': [[372, 523]]}, 'edge_158_614': {'PF00177.16': [[1, 149]]}, 'edge_383_228': {'PF00177.16': [[1, 149]]}, 'edge_384_34': {'PF00380.14': [[10, 130]]}, 'edge_383_1865': {'PF00380.14': [[10, 130]]}, 'edge_158_750': {'PF00366.15': [[11, 79]]}, 'edge_383_2042': {'PF00366.15': [[11, 79]]}, 'edge_158_615': {'PF00164.20': [[2, 136]]}, 'edge_383_227': {'PF00164.20': [[2, 136]]}}
bin_162	{}
bin_163	{}
bin_164	{}
bin_165	{}
bin_166	{}
bin_167	{}
bin_168	{}
bin_17	{}
bin_169	{'edge_190_639': {'TIGR00468': [[39, 328]]}, 'edge_190_1170': {'TIGR00329': [[4, 311]]}, 'edge_190_686': {'TIGR00344': [[6, 853]]}, 'edge_190_1854': {'TIGR00967': [[19, 426]]}, 'edge_190_44': {'TIGR00392': [[15, 846]]}, 'edge_190_406': {'TIGR00755': [[13, 271]]}, 'edge_190_1859': {'PF01000.21': [[60, 156]], 'PF01193.19': [[28, 229]]}, 'edge_190_1849': {'PF00347.18': [[90, 164]]}, 'edge_190_1842': {'PF00831.18': [[3, 60]]}, 'edge_190_1851': {'PF03719.10': [[85, 158]], 'PF00333.15': [[10, 75]]}, 'edge_190_1837': {'PF03947.13': [[124, 250]], 'PF00181.18': [[42, 116]]}, 'edge_190_1840': {'PF00189.15': [[119, 202]]}, 'edge_190_673': {'PF01509.13': [[33, 180]]}, 'edge_190_1844': {'PF00238.14': [[1, 123]]}, 'edge_190_640': {'PF03484.10': [[404, 471]]}, 'edge_190_1850': {'PF00861.17': [[2, 117]]}, 'edge_190_1857': {'PF00411.14': [[19, 128]]}, 'edge_190_1802': {'PF04997.7': [[17, 343]], 'PF00623.15': [[345, 487]], 'PF04983.13': [[490, 645]], 'PF05000.12': [[675, 764]]}, 'edge_190_1790': {'PF00687.16': [[32, 220]]}, 'edge_190_1054': {'PF00312.17': [[7, 88]]}, 'edge_190_596': {'PF00318.15': [[9, 225]]}, 'edge_190_1791': {'PF00466.15': [[5, 101]]}, 'edge_190_1841': {'PF00252.13': [[4, 131]]}, 'edge_190_1801': {'PF00562.23': [[717, 1264]], 'PF04560.15': [[1266, 1341]], 'PF04565.11': [[513, 582]], 'PF04561.9': [[339, 454]], 'PF04563.10': [[27, 509]]}, 'edge_190_1838': {'PF00203.16': [[3, 83]]}, 'edge_190_671': {'PF11987.3': [[625, 731]]}, 'edge_190_1834': {'PF00297.17': [[8, 203]]}, 'edge_190_1833': {'PF00338.17': [[6, 101]]}, 'edge_190_1848': {'PF00410.14': [[5, 129]]}, 'edge_190_1835': {'PF00573.17': [[12, 197]]}, 'edge_190_1846': {'PF00673.16': [[84, 177]], 'PF00281.14': [[24, 80]]}, 'edge_190_631': {'PF00572.13': [[15, 141]]}, 'edge_190_1816': {'PF02978.14': [[328, 427]]}, 'edge_190_1856': {'PF00416.17': [[3, 108]]}, 'edge_190_1789': {'PF03946.9': [[8, 67]], 'PF00298.14': [[72, 140]]}, 'edge_190_1839': {'PF00237.14': [[5, 108]]}, 'edge_190_1836': {'PF00276.15': [[9, 97]]}, 'edge_190_670': {'PF13184.1': [[230, 296]]}, 'edge_190_1305': {'PF00162.14': [[6, 377]]}, 'edge_190_279': {'PF08459.6': [[382, 541]]}, 'edge_190_1461': {'PF00177.16': [[1, 149]]}, 'edge_190_632': {'PF00380.14': [[11, 131]]}, 'edge_190_1843': {'PF00366.15': [[10, 78]]}, 'edge_190_1462': {'PF00164.20': [[3, 123]]}}
bin_170	{}
bin_171	{}
bin_172	{}
bin_173	{}
bin_174	{}
bin_175	{}
bin_176	{'edge_542_24': {'PF11987.3': [[343, 444]]}}
bin_178	{}
bin_177	{'edge_260_297': {'TIGR00468': [[40, 329]]}, 'edge_1037_60': {'TIGR00468': [[39, 343]]}, 'edge_260_1195': {'TIGR00329': [[4, 311]]}, 'edge_586_169': {'TIGR00329': [[4, 322]]}, 'edge_260_964': {'TIGR00344': [[6, 853]]}, 'edge_1038_380': {'TIGR00344': [[6, 867]]}, 'edge_260_1283': {'TIGR00967': [[20, 427]]}, 'edge_1038_371': {'TIGR00967': [[24, 432]]}, 'edge_260_1648': {'TIGR00392': [[16, 847]]}, 'edge_1037_155': {'TIGR00392': [[21, 875]]}, 'edge_260_1058': {'TIGR00755': [[10, 269]]}, 'edge_1038_203': {'TIGR00755': [[19, 274]]}, 'edge_260_1278': {'PF01000.21': [[60, 156]], 'PF01193.19': [[28, 229]]}, 'edge_1038_375': {'PF01000.21': [[61, 157]], 'PF01193.19': [[31, 226]]}, 'edge_260_1288': {'PF00347.18': [[90, 164]]}, 'edge_1038_366': {'PF00347.18': [[91, 164]]}, 'edge_260_1295': {'PF00831.18': [[3, 60]]}, 'edge_1038_359': {'PF00831.18': [[3, 60]]}, 'edge_1038_368': {'PF03719.10': [[98, 171]], 'PF00333.15': [[23, 87]]}, 'edge_260_1286': {'PF03719.10': [[85, 158]], 'PF00333.15': [[10, 75]]}, 'edge_1038_354': {'PF03947.13': [[125, 252]], 'PF00181.18': [[42, 117]]}, 'edge_260_1300': {'PF03947.13': [[124, 250]], 'PF00181.18': [[42, 117]]}, 'edge_260_1297': {'PF00189.15': [[119, 202]]}, 'edge_1038_357': {'PF00189.15': [[120, 202]]}, 'edge_260_424': {'PF01509.13': [[33, 180]]}, 'edge_1037_112': {'PF01509.13': [[34, 182]]}, 'edge_1038_361': {'PF00238.14': [[1, 122]]}, 'edge_260_1293': {'PF00238.14': [[1, 123]]}, 'edge_260_298': {'PF03484.10': [[406, 472]]}, 'edge_1037_61': {'PF03484.10': [[403, 469]]}, 'edge_1037_116': {'PF13184.1': [[234, 301]]}, 'edge_260_428': {'PF13184.1': [[230, 297]]}, 'edge_260_1287': {'PF00861.17': [[2, 117]]}, 'edge_1038_367': {'PF00861.17': [[7, 120]]}, 'edge_260_1280': {'PF00411.14': [[19, 128]]}, 'edge_1038_374': {'PF00411.14': [[20, 128]]}, 'edge_260_1167': {'PF04997.7': [[17, 343]], 'PF00623.15': [[345, 487]], 'PF04983.13': [[490, 645]], 'PF05000.12': [[675, 764]]}, 'edge_1038_264': {'PF04997.7': [[17, 344]], 'PF00623.15': [[346, 488]], 'PF04983.13': [[491, 644]], 'PF05000.12': [[673, 759]]}, 'edge_260_1657': {'PF00687.16': [[32, 220]]}, 'edge_1038_260': {'PF00687.16': [[32, 220]]}, 'edge_260_124': {'PF00312.17': [[8, 88]]}, 'edge_1037_111': {'PF00312.17': [[7, 88]]}, 'edge_1038_275': {'PF00318.15': [[11, 224]]}, 'edge_260_989': {'PF00318.15': [[9, 225]]}, 'edge_260_1170': {'PF00466.15': [[5, 101]]}, 'edge_1038_261': {'PF00466.15': [[38, 134]]}, 'edge_1038_358': {'PF00252.13': [[4, 133]]}, 'edge_260_1296': {'PF00252.13': [[4, 131]]}, 'edge_1038_263': {'PF00562.23': [[730, 1290]], 'PF04565.11': [[527, 596]], 'PF04560.15': [[1292, 1365]], 'PF04561.9': [[363, 468]], 'PF04563.10': [[32, 523]]}, 'edge_260_1168': {'PF00562.23': [[717, 1264]], 'PF04565.11': [[513, 582]], 'PF04560.15': [[1266, 1341]], 'PF04561.9': [[350, 454]], 'PF04563.10': [[27, 509]]}, 'edge_260_1299': {'PF00203.16': [[3, 83]]}, 'edge_1038_355': {'PF00203.16': [[3, 83]]}, 'edge_260_427': {'PF11987.3': [[622, 729]]}, 'edge_1037_114': {'PF11987.3': [[632, 739]]}, 'edge_260_1303': {'PF00297.17': [[8, 203]]}, 'edge_1038_351': {'PF00297.17': [[9, 205]]}, 'edge_1038_350': {'PF00338.17': [[6, 102]]}, 'edge_260_1304': {'PF00338.17': [[6, 101]]}, 'edge_1038_365': {'PF00410.14': [[5, 132]]}, 'edge_260_1289': {'PF00410.14': [[5, 129]]}, 'edge_260_1302': {'PF00573.17': [[12, 197]]}, 'edge_1038_352': {'PF00573.17': [[17, 204]]}, 'edge_260_1291': {'PF00673.16': [[84, 177]], 'PF00281.14': [[24, 80]]}, 'edge_1038_363': {'PF00673.16': [[90, 183]], 'PF00281.14': [[30, 86]]}, 'edge_1038_538': {'PF00572.13': [[49, 176]]}, 'edge_260_302': {'PF00572.13': [[15, 141]]}, 'edge_260_1970': {'PF02978.14': [[328, 427]]}, 'edge_586_163': {'PF02978.14': [[327, 427]]}, 'edge_260_1281': {'PF00416.17': [[3, 108]]}, 'edge_1038_373': {'PF00416.17': [[3, 109]]}, 'edge_1038_259': {'PF03946.9': [[9, 67]], 'PF00298.14': [[72, 140]]}, 'edge_260_1656': {'PF03946.9': [[8, 67]], 'PF00298.14': [[72, 140]]}, 'edge_260_1298': {'PF00237.14': [[5, 108]]}, 'edge_1038_356': {'PF00237.14': [[17, 121]]}, 'edge_260_1301': {'PF00276.15': [[8, 96]]}, 'edge_1038_353': {'PF00276.15': [[7, 93]]}, 'edge_586_94': {'PF00162.14': [[6, 387]]}, 'edge_260_1149': {'PF00162.14': [[6, 372]]}, 'edge_260_648': {'PF08459.6': [[382, 540]]}, 'edge_1038_217': {'PF08459.6': [[417, 591]]}, 'edge_260_1531': {'PF00177.16': [[1, 149]]}, 'edge_1038_347': {'PF00177.16': [[1, 149]]}, 'edge_260_303': {'PF00380.14': [[10, 130]]}, 'edge_1038_539': {'PF00380.14': [[41, 161]]}, 'edge_260_1294': {'PF00366.15': [[10, 78]]}, 'edge_1038_360': {'PF00366.15': [[8, 75]]}, 'edge_260_1530': {'PF00164.20': [[3, 123]]}, 'edge_1038_346': {'PF00164.20': [[2, 123]]}}
bin_179	{}
bin_18	{}
bin_180	{}
bin_181	{}
bin_182	{}
bin_183	{'edge_952_341': {'TIGR00468': [[42, 345]]}, 'edge_952_743': {'TIGR00329': [[9, 312]]}, 'edge_952_653': {'TIGR00344': [[8, 861]]}, 'edge_952_931': {'TIGR00967': [[15, 426]]}, 'edge_952_582': {'TIGR00392': [[13, 834]]}, 'edge_952_1501': {'TIGR00755': [[24, 289]]}, 'edge_952_925': {'PF01000.21': [[54, 150]], 'PF01193.19': [[23, 221]]}, 'edge_952_936': {'PF00347.18': [[11, 82]]}, 'edge_952_943': {'PF00831.18': [[3, 59]]}, 'edge_952_934': {'PF00333.15': [[10, 75]], 'PF03719.10': [[85, 158]]}, 'edge_952_948': {'PF03947.13': [[124, 252]], 'PF00181.18': [[42, 118]]}, 'edge_952_945': {'PF00189.15': [[118, 201]]}, 'edge_952_172': {'PF01509.13': [[23, 179]]}, 'edge_952_941': {'PF00238.14': [[1, 122]]}, 'edge_952_342': {'PF03484.10': [[413, 479]]}, 'edge_952_935': {'PF00861.17': [[7, 118]]}, 'edge_952_926': {'PF00411.14': [[18, 127]]}, 'edge_952_1466': {'PF04997.7': [[5, 331]], 'PF00623.15': [[333, 474]], 'PF04983.13': [[478, 665]], 'PF05000.12': [[694, 756]]}, 'edge_952_766': {'PF00687.16': [[15, 222]]}, 'edge_952_236': {'PF00312.17': [[7, 88]]}, 'edge_952_111': {'PF00318.15': [[9, 225]]}, 'edge_952_765': {'PF00466.15': [[6, 101]]}, 'edge_952_944': {'PF00252.13': [[4, 133]]}, 'edge_952_1465': {'PF00562.23': [[629, 1067]], 'PF04563.10': [[28, 471]], 'PF04561.9': [[140, 289]], 'PF04560.15': [[1069, 1143]], 'PF04565.11': [[475, 544]]}, 'edge_952_947': {'PF00203.16': [[3, 83]]}, 'edge_952_170': {'PF11987.3': [[522, 628]]}, 'edge_952_951': {'PF00297.17': [[10, 203]]}, 'edge_952_952': {'PF00338.17': [[6, 102]]}, 'edge_952_937': {'PF00410.14': [[5, 132]]}, 'edge_952_950': {'PF00573.17': [[17, 204]]}, 'edge_952_939': {'PF00673.16': [[86, 178]], 'PF00281.14': [[25, 81]]}, 'edge_952_919': {'PF00572.13': [[16, 142]]}, 'edge_952_226': {'PF02978.14': [[328, 427]]}, 'edge_952_927': {'PF00416.17': [[3, 108]]}, 'edge_952_767': {'PF03946.9': [[8, 66]], 'PF00298.14': [[71, 139]]}, 'edge_952_946': {'PF00237.14': [[10, 113]]}, 'edge_952_949': {'PF00276.15': [[5, 90]]}, 'edge_952_167': {'PF13184.1': [[229, 296]]}, 'edge_952_709': {'PF00162.14': [[6, 389]]}, 'edge_952_639': {'PF08459.6': [[371, 523]]}, 'edge_952_1469': {'PF00177.16': [[1, 149]]}, 'edge_952_918': {'PF00380.14': [[10, 130]]}, 'edge_952_942': {'PF00366.15': [[13, 80]]}, 'edge_952_1468': {'PF00164.20': [[2, 136]]}}
bin_184	{'edge_1017_277': {'TIGR00468': [[39, 345]]}, 'edge_1017_1424': {'TIGR00329': [[6, 308]]}, 'edge_1017_385': {'TIGR00344': [[8, 873]]}, 'edge_1017_34': {'TIGR00967': [[15, 427]]}, 'edge_1017_1193': {'TIGR00392': [[14, 836]]}, 'edge_1017_1327': {'TIGR00755': [[23, 286]]}, 'edge_1017_40': {'PF01000.21': [[55, 149]], 'PF01193.19': [[24, 221]]}, 'edge_1017_29': {'PF00347.18': [[12, 82]]}, 'edge_1017_23': {'PF00831.18': [[4, 60]]}, 'edge_1017_31': {'PF00333.15': [[12, 77]], 'PF03719.10': [[87, 160]]}, 'edge_1017_18': {'PF03947.13': [[124, 252]], 'PF00181.18': [[43, 117]]}, 'edge_1017_21': {'PF00189.15': [[128, 210]]}, 'edge_1017_1061': {'PF01509.13': [[29, 183]]}, 'edge_1017_25': {'PF00238.14': [[1, 122]]}, 'edge_1017_278': {'PF03484.10': [[426, 491]]}, 'edge_1017_30': {'PF00861.17': [[7, 117]]}, 'edge_1017_39': {'PF00411.14': [[18, 127]]}, 'edge_1017_1471': {'PF04997.7': [[6, 332]], 'PF00623.15': [[334, 475]], 'PF04983.13': [[479, 664]], 'PF05000.12': [[693, 759]]}, 'edge_1017_85': {'PF00687.16': [[22, 222]]}, 'edge_1017_1296': {'PF00312.17': [[7, 88]]}, 'edge_1017_923': {'PF00318.15': [[9, 225]]}, 'edge_1017_86': {'PF00466.15': [[7, 101]]}, 'edge_1017_22': {'PF00252.13': [[4, 132]]}, 'edge_1017_1472': {'PF00562.23': [[628, 1067]], 'PF04563.10': [[28, 471]], 'PF04560.15': [[1069, 1142]], 'PF04561.9': [[140, 294]], 'PF04565.11': [[475, 544]]}, 'edge_1017_19': {'PF00203.16': [[3, 83]]}, 'edge_1017_1065': {'PF11987.3': [[619, 725]]}, 'edge_1017_15': {'PF00297.17': [[9, 201]]}, 'edge_1017_14': {'PF00338.17': [[6, 102]]}, 'edge_1017_28': {'PF00410.14': [[5, 132]]}, 'edge_1017_16': {'PF00573.17': [[17, 203]]}, 'edge_1017_27': {'PF00673.16': [[86, 178]], 'PF00281.14': [[26, 81]]}, 'edge_1017_49': {'PF00572.13': [[16, 142]]}, 'edge_1017_1275': {'PF02978.14': [[328, 427]]}, 'edge_1017_38': {'PF00416.17': [[3, 110]]}, 'edge_1017_84': {'PF03946.9': [[8, 66]], 'PF00298.14': [[71, 137]]}, 'edge_1017_20': {'PF00237.14': [[10, 114]]}, 'edge_1017_17': {'PF00276.15': [[5, 90]]}, 'edge_1017_1068': {'PF13184.1': [[232, 299]]}, 'edge_1017_1545': {'PF00162.14': [[5, 394]]}, 'edge_1017_349': {'PF08459.6': [[374, 528]]}, 'edge_1017_7': {'PF00177.16': [[1, 149]]}, 'edge_1017_50': {'PF00380.14': [[11, 131]]}, 'edge_1017_24': {'PF00366.15': [[13, 81]]}, 'edge_1017_6': {'PF00164.20': [[2, 136]]}}
bin_185	{}
bin_186	{}
bin_187	{}
bin_188	{}
bin_189	{}
bin_19	{}
bin_190	{}
bin_191	{}
bin_192	{}
bin_193	{}
bin_194	{}
bin_195	{}
bin_196	{}
bin_197	{}
bin_198	{}
bin_199	{}
bin_2	{}
bin_20	{}
bin_200	{}
bin_201	{'edge_257_1050': {'TIGR00468': [[52, 344]]}, 'edge_257_536': {'TIGR00329': [[6, 312]]}, 'edge_257_182': {'TIGR00344': [[9, 849]]}, 'edge_257_820': {'TIGR00967': [[14, 417]]}, 'edge_257_409': {'TIGR00392': [[28, 899]]}, 'edge_257_539': {'TIGR00755': [[7, 261]]}, 'edge_257_816': {'PF01193.19': [[48, 252]], 'PF01000.21': [[83, 174]]}, 'edge_257_824': {'PF00347.18': [[93, 164]]}, 'edge_257_831': {'PF00831.18': [[5, 59]]}, 'edge_257_822': {'PF03719.10': [[91, 164]], 'PF00333.15': [[15, 79]]}, 'edge_257_836': {'PF03947.13': [[126, 252]], 'PF00181.18': [[42, 118]]}, 'edge_257_833': {'PF00189.15': [[118, 201]]}, 'edge_257_427': {'PF01509.13': [[63, 208]]}, 'edge_257_829': {'PF00238.14': [[1, 119]]}, 'edge_257_814': {'PF03484.10': [[402, 468]]}, 'edge_257_823': {'PF00861.17': [[7, 121]]}, 'edge_257_817': {'PF00411.14': [[13, 123]]}, 'edge_257_212': {'PF04997.7': [[14, 343]], 'PF00623.15': [[345, 487]], 'PF04983.13': [[490, 644]], 'PF05000.12': [[673, 754]]}, 'edge_257_208': {'PF00687.16': [[19, 209]]}, 'edge_257_428': {'PF00312.17': [[8, 89]]}, 'edge_257_722': {'PF00318.15': [[12, 227]]}, 'edge_257_209': {'PF00466.15': [[1, 98]]}, 'edge_257_832': {'PF00252.13': [[5, 133]]}, 'edge_257_211': {'PF00562.23': [[741, 1295]], 'PF04561.9': [[382, 479]], 'PF04565.11': [[538, 607]], 'PF04560.15': [[1298, 1372]], 'PF04563.10': [[36, 534]]}, 'edge_257_835': {'PF00203.16': [[3, 84]]}, 'edge_257_678': {'PF11987.3': [[612, 712]]}, 'edge_257_839': {'PF00297.17': [[90, 209]]}, 'edge_257_840': {'PF00338.17': [[6, 102]]}, 'edge_257_825': {'PF00410.14': [[5, 133]]}, 'edge_257_838': {'PF00573.17': [[16, 203]]}, 'edge_257_827': {'PF00673.16': [[82, 176]], 'PF00281.14': [[22, 78]]}, 'edge_257_132': {'PF00572.13': [[15, 142]]}, 'edge_257_772': {'PF02978.14': [[326, 426]]}, 'edge_257_818': {'PF00416.17': [[3, 109]]}, 'edge_257_207': {'PF00298.14': [[79, 145]], 'PF03946.9': [[10, 72]]}, 'edge_257_834': {'PF00237.14': [[11, 109]]}, 'edge_257_837': {'PF00276.15': [[6, 92]]}, 'edge_257_679': {'PF13184.1': [[249, 317]]}, 'edge_258_74': {'PF00162.14': [[10, 382]]}, 'edge_257_340': {'PF08459.6': [[359, 507]]}, 'edge_257_202': {'PF00177.16': [[1, 153]]}, 'edge_257_133': {'PF00380.14': [[29, 149]]}, 'edge_257_830': {'PF00366.15': [[8, 75]]}, 'edge_257_201': {'PF00164.20': [[2, 122]]}}
bin_202	{}
bin_203	{}
bin_204	{}
bin_205	{}
bin_206	{}
bin_207	{}
bin_208	{}
bin_209	{}
bin_21	{}
bin_210	{}
bin_211	{}
bin_212	{}
bin_213	{}
bin_214	{}
bin_215	{}
bin_216	{}
bin_217	{}
bin_218	{}
bin_219	{}
bin_22	{}
bin_220	{'edge_590_2': {'PF00312.17': [[8, 88]]}}
bin_222	{}
bin_221	{'edge_980_424': {'TIGR00468': [[40, 334]]}, 'edge_980_37': {'TIGR00329': [[5, 257]]}, 'edge_980_868': {'TIGR00344': [[8, 858]]}, 'edge_980_645': {'TIGR00967': [[15, 422]]}, 'edge_980_623': {'TIGR00392': [[11, 897]]}, 'edge_980_677': {'TIGR00755': [[15, 267]]}, 'edge_980_641': {'PF01000.21': [[69, 158]], 'PF01193.19': [[34, 230]]}, 'edge_980_650': {'PF00347.18': [[11, 82]]}, 'edge_980_657': {'PF00831.18': [[10, 65]]}, 'edge_980_648': {'PF03719.10': [[86, 158]], 'PF00333.15': [[11, 75]]}, 'edge_980_662': {'PF03947.13': [[124, 250]], 'PF00181.18': [[42, 118]]}, 'edge_980_659': {'PF00189.15': [[123, 205]]}, 'edge_980_504': {'PF01509.13': [[24, 170]]}, 'edge_980_655': {'PF00238.14': [[1, 122]]}, 'edge_980_425': {'PF03484.10': [[424, 491]]}, 'edge_980_649': {'PF00861.17': [[7, 115]]}, 'edge_980_642': {'PF00411.14': [[17, 126]]}, 'edge_980_138': {'PF04997.7': [[14, 342]], 'PF00623.15': [[344, 486]], 'PF04983.13': [[489, 642]], 'PF05000.12': [[671, 748]]}, 'edge_980_134': {'PF00687.16': [[40, 229]]}, 'edge_980_506': {'PF00312.17': [[7, 88]]}, 'edge_980_84': {'PF00318.15': [[12, 228]]}, 'edge_980_135': {'PF00466.15': [[3, 97]]}, 'edge_980_658': {'PF00252.13': [[4, 132]]}, 'edge_980_137': {'PF00562.23': [[733, 1292]], 'PF04565.11': [[530, 599]], 'PF04560.15': [[1295, 1369]], 'PF04563.10': [[34, 526]], 'PF04561.9': [[370, 471]]}, 'edge_980_661': {'PF00203.16': [[3, 83]]}, 'edge_980_556': {'PF11987.3': [[615, 722]]}, 'edge_980_665': {'PF00297.17': [[9, 205]]}, 'edge_980_666': {'PF00338.17': [[5, 100]]}, 'edge_980_651': {'PF00410.14': [[5, 132]]}, 'edge_980_664': {'PF00573.17': [[16, 205]]}, 'edge_980_653': {'PF00673.16': [[84, 178]], 'PF00281.14': [[24, 80]]}, 'edge_980_235': {'PF00572.13': [[15, 144]]}, 'edge_980_169': {'PF02978.14': [[328, 428]]}, 'edge_980_643': {'PF00416.17': [[3, 109]]}, 'edge_980_133': {'PF00298.14': [[73, 142]], 'PF03946.9': [[9, 68]]}, 'edge_980_660': {'PF00237.14': [[11, 115]]}, 'edge_980_663': {'PF00276.15': [[7, 94]]}, 'edge_980_557': {'PF13184.1': [[233, 298]]}, 'edge_980_578': {'PF08459.6': [[383, 551]]}, 'edge_980_129': {'PF00177.16': [[1, 149]]}, 'edge_980_236': {'PF00380.14': [[41, 161]]}, 'edge_980_656': {'PF00366.15': [[8, 75]]}, 'edge_980_128': {'PF00164.20': [[2, 122]]}}
bin_223	{}
bin_224	{}
bin_225	{}
bin_226	{}
bin_227	{}
bin_228	{}
bin_229	{}
bin_23	{}
bin_230	{}
bin_231	{}
bin_232	{'edge_1106_7': {'TIGR00329': [[10, 313]]}}
bin_234	{}
bin_233	{'edge_627_874': {'TIGR00468': [[40, 340]]}, 'edge_627_1083': {'TIGR00329': [[15, 323]]}, 'edge_627_1095': {'TIGR00344': [[18, 872]]}, 'edge_627_955': {'TIGR00967': [[24, 434]]}, 'edge_627_1137': {'TIGR00392': [[28, 872]]}, 'edge_627_951': {'PF01000.21': [[63, 158]], 'PF01193.19': [[33, 229]]}, 'edge_627_960': {'PF00347.18': [[91, 164]]}, 'edge_627_967': {'PF00831.18': [[8, 61]]}, 'edge_627_958': {'PF03719.10': [[97, 170]], 'PF00333.15': [[21, 86]]}, 'edge_627_972': {'PF03947.13': [[124, 252]], 'PF00181.18': [[42, 117]]}, 'edge_627_969': {'PF00189.15': [[118, 201]]}, 'edge_627_2179': {'PF01509.13': [[31, 179]]}, 'edge_627_965': {'PF00238.14': [[1, 122]]}, 'edge_627_873': {'PF03484.10': [[405, 457]]}, 'edge_627_959': {'PF00861.17': [[5, 120]]}, 'edge_627_952': {'PF00411.14': [[20, 129]]}, 'edge_627_980': {'PF04997.7': [[16, 343]], 'PF00623.15': [[345, 487]], 'PF04983.13': [[490, 660]], 'PF05000.12': [[689, 761]]}, 'edge_627_984': {'PF00687.16': [[31, 220]]}, 'edge_627_2180': {'PF00312.17': [[8, 88]]}, 'edge_627_2561': {'PF00318.15': [[11, 225]]}, 'edge_627_983': {'PF00466.15': [[1, 98]]}, 'edge_627_968': {'PF00252.13': [[4, 132]]}, 'edge_627_981': {'PF00562.23': [[750, 1310]], 'PF04565.11': [[547, 616]], 'PF04560.15': [[1312, 1386]], 'PF04561.9': [[390, 488]], 'PF04563.10': [[29, 543]]}, 'edge_627_971': {'PF00203.16': [[3, 83]]}, 'edge_627_2115': {'PF11987.3': [[675, 782]]}, 'edge_627_975': {'PF00297.17': [[9, 205]]}, 'edge_627_976': {'PF00338.17': [[6, 102]]}, 'edge_627_961': {'PF00410.14': [[5, 132]]}, 'edge_627_974': {'PF00573.17': [[17, 202]]}, 'edge_627_963': {'PF00673.16': [[93, 187]], 'PF00281.14': [[33, 89]]}, 'edge_627_2142': {'PF00572.13': [[16, 143]]}, 'edge_627_157': {'PF02978.14': [[342, 442]]}, 'edge_627_953': {'PF00416.17': [[3, 109]]}, 'edge_627_985': {'PF03946.9': [[8, 67]], 'PF00298.14': [[72, 141]]}, 'edge_627_970': {'PF00237.14': [[17, 121]]}, 'edge_627_973': {'PF00276.15': [[20, 109]]}, 'edge_627_2113': {'PF13184.1': [[234, 300]]}, 'edge_627_1856': {'PF00162.14': [[8, 389]]}, 'edge_627_821': {'PF08459.6': [[402, 563]]}, 'edge_627_978': {'PF00177.16': [[1, 151]]}, 'edge_627_2143': {'PF00380.14': [[42, 162]]}, 'edge_627_966': {'PF00366.15': [[8, 75]]}, 'edge_627_979': {'PF00164.20': [[2, 123]]}}
bin_235	{}
bin_236	{}
bin_238	{'edge_41_2': {'PF01509.13': [[36, 184]]}, 'edge_41_4': {'PF11987.3': [[586, 693]]}, 'edge_41_5': {'PF13184.1': [[236, 302]]}}
bin_239	{}
bin_237	{'edge_140_1675': {'TIGR00468': [[38, 327]]}, 'edge_140_429': {'TIGR00329': [[4, 306]]}, 'edge_140_2638': {'TIGR00344': [[7, 854]]}, 'edge_547_331': {'TIGR00967': [[20, 429]]}, 'edge_140_547': {'TIGR00392': [[15, 854]]}, 'edge_140_563': {'TIGR00755': [[11, 264]]}, 'edge_547_335': {'PF01000.21': [[60, 156]], 'PF01193.19': [[28, 228]]}, 'edge_547_326': {'PF00347.18': [[90, 164]]}, 'edge_547_319': {'PF00831.18': [[3, 60]]}, 'edge_547_328': {'PF00333.15': [[10, 75]], 'PF03719.10': [[85, 158]]}, 'edge_547_314': {'PF03947.13': [[124, 250]], 'PF00181.18': [[42, 117]]}, 'edge_547_317': {'PF00189.15': [[119, 202]]}, 'edge_140_382': {'PF01509.13': [[33, 180]]}, 'edge_547_321': {'PF00238.14': [[1, 123]]}, 'edge_140_1674': {'PF03484.10': [[404, 471]]}, 'edge_547_327': {'PF00861.17': [[2, 117]]}, 'edge_140_172': {'PF04997.7': [[15, 342]], 'PF00623.15': [[344, 486]], 'PF04983.13': [[489, 644]], 'PF05000.12': [[674, 763]]}, 'edge_140_169': {'PF00687.16': [[26, 220]]}, 'edge_140_383': {'PF00312.17': [[7, 88]]}, 'edge_140_694': {'PF00318.15': [[9, 225]]}, 'edge_140_170': {'PF00466.15': [[5, 101]]}, 'edge_547_318': {'PF00252.13': [[4, 131]]}, 'edge_140_171': {'PF00562.23': [[717, 1264]], 'PF04560.15': [[1266, 1341]], 'PF04565.11': [[513, 582]], 'PF04561.9': [[331, 454]], 'PF04563.10': [[27, 509]]}, 'edge_547_315': {'PF00203.16': [[3, 83]]}, 'edge_140_380': {'PF11987.3': [[684, 791]]}, 'edge_547_311': {'PF00297.17': [[8, 204]]}, 'edge_547_310': {'PF00338.17': [[6, 101]]}, 'edge_547_325': {'PF00410.14': [[5, 129]]}, 'edge_547_312': {'PF00573.17': [[13, 198]]}, 'edge_547_323': {'PF00673.16': [[84, 177]], 'PF00281.14': [[24, 80]]}, 'edge_140_484': {'PF00572.13': [[15, 141]]}, 'edge_140_2630': {'PF02978.14': [[329, 427]]}, 'edge_547_333': {'PF00416.17': [[3, 108]]}, 'edge_140_168': {'PF03946.9': [[8, 67]], 'PF00298.14': [[72, 140]]}, 'edge_547_316': {'PF00237.14': [[5, 108]]}, 'edge_547_313': {'PF00276.15': [[9, 96]]}, 'edge_140_379': {'PF13184.1': [[230, 296]]}, 'edge_140_2729': {'PF00162.14': [[6, 373]]}, 'edge_140_1879': {'PF08459.6': [[384, 542]]}, 'edge_547_307': {'PF00177.16': [[1, 149]]}, 'edge_140_485': {'PF00380.14': [[10, 130]]}, 'edge_547_320': {'PF00366.15': [[10, 78]]}, 'edge_547_306': {'PF00164.20': [[3, 123]]}}
bin_24	{}
bin_240	{}
bin_241	{}
bin_243	{}
bin_244	{}
bin_245	{}
bin_242	{'edge_436_7': {'TIGR00468': [[160, 487]]}, 'edge_218_215': {'TIGR00468': [[160, 487]]}, 'edge_13_199': {'TIGR00468': [[160, 487]]}, 'edge_10_170': {'TIGR00329': [[7, 296]]}, 'edge_5_257': {'TIGR00329': [[7, 296]]}, 'edge_769_432': {'TIGR00329': [[7, 296]]}, 'edge_436_23': {'TIGR00344': [[62, 901]]}, 'edge_218_230': {'TIGR00344': [[62, 901]]}, 'edge_13_181': {'TIGR00344': [[62, 901]]}, 'edge_1132_50': {'TIGR00967': [[27, 478]]}, 'edge_46_143': {'TIGR00967': [[27, 479]]}, 'edge_10_258': {'TIGR00967': [[27, 479]]}, 'edge_48_63': {'TIGR00392': [[6, 850]]}, 'edge_1_325': {'TIGR00392': [[6, 850]]}, 'edge_629_26': {'TIGR00392': [[6, 850]]}, 'edge_623_38': {'TIGR00392': [[6, 850]]}, 'edge_801_138': {'TIGR00392': [[6, 850]]}, 'edge_10_993': {'TIGR00755': [[30, 276]]}, 'edge_48_467': {'TIGR00755': [[26, 272]]}, 'edge_540_90': {'TIGR00755': [[2, 200]]}, 'edge_10_270': {'PF01000.21': [[44, 153]], 'PF01193.19': [[14, 253]]}, 'edge_46_131': {'PF01000.21': [[44, 153]], 'PF01193.19': [[14, 254]]}, 'edge_1132_39': {'PF01000.21': [[46, 155]], 'PF01193.19': [[16, 256]]}, 'edge_1132_57': {'PF00347.18': [[11, 83]]}, 'edge_46_150': {'PF00347.18': [[11, 84]]}, 'edge_10_251': {'PF00347.18': [[11, 83]]}, 'edge_1132_66': {'PF00831.18': [[7, 63]]}, 'edge_10_242': {'PF00831.18': [[7, 63]]}, 'edge_46_159': {'PF00831.18': [[7, 63]]}, 'edge_10_255': {'PF00333.15': [[47, 113]], 'PF03719.10': [[132, 196]]}, 'edge_46_146': {'PF00333.15': [[47, 112]], 'PF03719.10': [[132, 196]]}, 'edge_1132_53': {'PF00333.15': [[47, 113]], 'PF03719.10': [[132, 197]]}, 'edge_10_238': {'PF03947.13': [[90, 222]], 'PF00181.18': [[11, 83]]}, 'edge_46_163': {'PF03947.13': [[90, 222]], 'PF00181.18': [[11, 83]]}, 'edge_1132_70': {'PF03947.13': [[90, 222]], 'PF00181.18': [[11, 83]]}, 'edge_1132_67': {'PF00189.15': [[99, 182]]}, 'edge_10_241': {'PF00189.15': [[99, 182]]}, 'edge_46_160': {'PF00189.15': [[99, 182]]}, 'edge_10_264': {'PF01509.13': [[63, 176]]}, 'edge_46_138': {'PF01509.13': [[63, 176]]}, 'edge_1132_43': {'PF01509.13': [[63, 176]]}, 'edge_1132_63': {'PF00238.14': [[13, 132]]}, 'edge_10_245': {'PF00238.14': [[13, 132]]}, 'edge_46_156': {'PF00238.14': [[13, 132]]}, 'edge_10_925': {'PF03484.10': [[273, 341]]}, 'edge_48_997': {'PF03484.10': [[273, 341]]}, 'edge_692_98': {'PF03484.10': [[277, 341]]}, 'edge_46_147': {'PF00861.17': [[11, 130]]}, 'edge_10_254': {'PF00861.17': [[11, 130]]}, 'edge_1132_54': {'PF00861.17': [[11, 130]]}, 'edge_1132_40': {'PF00411.14': [[8, 125]]}, 'edge_10_269': {'PF00411.14': [[8, 125]]}, 'edge_46_132': {'PF00411.14': [[8, 125]]}, 'edge_1140_1': {'PF04997.7': [[165, 313]], 'PF00623.15': [[315, 480]], 'PF05000.12': [[677, 781]], 'PF04983.13': [[484, 649]]}, 'edge_211_321': {'PF00687.16': [[8, 209]]}, 'edge_1030_40': {'PF00687.16': [[7, 170]]}, 'edge_51_115': {'PF00312.17': [[66, 142]]}, 'edge_47_84': {'PF00312.17': [[66, 142]]}, 'edge_1103_280': {'PF00312.17': [[66, 142]]}, 'edge_7_205': {'PF00318.15': [[165, 230]]}, 'edge_218_161': {'PF00318.15': [[165, 230]]}, 'edge_438_86': {'PF00318.15': [[164, 229]]}, 'edge_211_320': {'PF00466.15': [[11, 107]]}, 'edge_1030_38': {'PF00466.15': [[12, 107]]}, 'edge_218_219': {'PF00252.13': [[6, 164]]}, 'edge_13_195': {'PF00252.13': [[6, 164]]}, 'edge_436_13': {'PF00252.13': [[6, 164]]}, 'edge_1140_3': {'PF04563.10': [[2, 377]], 'PF04561.9': [[138, 320]], 'PF04565.11': [[388, 451]]}, 'edge_1132_69': {'PF00203.16': [[58, 119]]}, 'edge_46_162': {'PF00203.16': [[58, 119]]}, 'edge_10_239': {'PF00203.16': [[58, 119]]}, 'edge_540_12': {'PF11987.3': [[343, 444]]}, 'edge_48_304': {'PF11987.3': [[340, 444]]}, 'edge_10_712': {'PF11987.3': [[340, 444]]}, 'edge_1132_73': {'PF00297.17': [[46, 312]]}, 'edge_46_166': {'PF00297.17': [[46, 312]]}, 'edge_10_235': {'PF00297.17': [[46, 312]]}, 'edge_788_67': {'PF00338.17': [[4, 98]]}, 'edge_1132_58': {'PF00410.14': [[5, 130]]}, 'edge_10_250': {'PF00410.14': [[5, 130]]}, 'edge_46_151': {'PF00410.14': [[5, 130]]}, 'edge_10_236': {'PF00573.17': [[17, 250]]}, 'edge_1132_72': {'PF00573.17': [[17, 250]]}, 'edge_46_165': {'PF00573.17': [[17, 250]]}, 'edge_1132_60': {'PF00673.16': [[60, 159]], 'PF00281.14': [[3, 56]]}, 'edge_46_153': {'PF00673.16': [[56, 155]], 'PF00281.14': [[1, 52]]}, 'edge_10_248': {'PF00673.16': [[56, 155]], 'PF00281.14': [[1, 52]]}, 'edge_7_209': {'PF00572.13': [[2, 109]]}, 'edge_218_157': {'PF00572.13': [[2, 109]]}, 'edge_438_82': {'PF00572.13': [[2, 108]]}, 'edge_10_559': {'PF02978.14': [[319, 421]]}, 'edge_9_65': {'PF02978.14': [[319, 421]]}, 'edge_211_48': {'PF02978.14': [[319, 421]]}, 'edge_10_267': {'PF00416.17': [[15, 142]]}, 'edge_46_134': {'PF00416.17': [[15, 142]]}, 'edge_1132_42': {'PF00416.17': [[15, 142]]}, 'edge_1030_41': {'PF03946.9': [[4, 60]], 'PF00298.14': [[68, 135]]}, 'edge_211_322': {'PF03946.9': [[4, 60]], 'PF00298.14': [[68, 135]]}, 'edge_46_161': {'PF00237.14': [[18, 149]]}, 'edge_10_240': {'PF00237.14': [[18, 149]]}, 'edge_1132_68': {'PF00237.14': [[18, 149]]}, 'edge_1140_2': {'PF00562.23': [[134, 507]], 'PF04560.15': [[509, 600]]}, 'edge_46_164': {'PF00276.15': [[2, 74]]}, 'edge_10_237': {'PF00276.15': [[2, 74]]}, 'edge_1132_71': {'PF00276.15': [[2, 69]]}, 'edge_591_2': {'PF00162.14': [[8, 391]]}, 'edge_769_324': {'PF00162.14': [[8, 391]]}, 'edge_48_120': {'PF00162.14': [[12, 395]]}, 'edge_10_330': {'PF00162.14': [[8, 390]]}, 'edge_51_48': {'PF00162.14': [[8, 390]]}, 'edge_10_1574': {'PF00162.14': [[12, 395]]}, 'edge_1125_3': {'PF00162.14': [[1, 255]]}, 'edge_1100_40': {'PF08459.6': [[359, 509]]}, 'edge_10_1845': {'PF08459.6': [[353, 503]]}, 'edge_48_1047': {'PF08459.6': [[353, 503]]}, 'edge_788_70': {'PF00177.16': [[34, 188]]}, 'edge_7_208': {'PF00380.14': [[9, 134]]}, 'edge_438_83': {'PF00380.14': [[9, 134]]}, 'edge_218_158': {'PF00380.14': [[9, 134]]}, 'edge_1132_64': {'PF00366.15': [[36, 104]]}, 'edge_46_157': {'PF00366.15': [[36, 104]]}, 'edge_10_244': {'PF00366.15': [[36, 104]]}, 'edge_788_71': {'PF00164.20': [[15, 141]]}}
bin_247	{}
bin_246	{'edge_727_1612': {'TIGR00468': [[167, 345]]}, 'edge_959_461': {'TIGR00468': [[46, 353]]}, 'edge_959_918': {'TIGR00329': [[4, 306]]}, 'edge_727_353': {'TIGR00329': [[2, 294]]}, 'edge_727_569': {'TIGR00344': [[12, 863]]}, 'edge_959_190': {'TIGR00344': [[8, 892]]}, 'edge_959_763': {'TIGR00967': [[39, 460]]}, 'edge_727_1873': {'TIGR00967': [[15, 425]]}, 'edge_727_636': {'TIGR00392': [[13, 831]]}, 'edge_959_473': {'TIGR00392': [[16, 827]]}, 'edge_727_234': {'TIGR00755': [[21, 288]]}, 'edge_959_5': {'TIGR00755': [[2, 260]]}, 'edge_727_1867': {'PF01000.21': [[57, 149]], 'PF01193.19': [[24, 221]]}, 'edge_959_757': {'PF01000.21': [[62, 157]], 'PF01193.19': [[26, 227]]}, 'edge_959_767': {'PF00347.18': [[92, 165]]}, 'edge_727_1878': {'PF00347.18': [[90, 164]]}, 'edge_727_1885': {'PF00831.18': [[8, 63]]}, 'edge_959_774': {'PF00831.18': [[8, 63]]}, 'edge_959_765': {'PF00333.15': [[48, 113]], 'PF03719.10': [[123, 195]]}, 'edge_727_1876': {'PF00333.15': [[13, 78]], 'PF03719.10': [[88, 161]]}, 'edge_959_779': {'PF03947.13': [[126, 256]], 'PF00181.18': [[44, 119]]}, 'edge_727_1890': {'PF03947.13': [[124, 252]], 'PF00181.18': [[42, 117]]}, 'edge_727_1887': {'PF00189.15': [[119, 201]]}, 'edge_959_776': {'PF00189.15': [[123, 205]]}, 'edge_727_914': {'PF01509.13': [[23, 178]]}, 'edge_959_399': {'PF01509.13': [[2, 126]]}, 'edge_727_1883': {'PF00238.14': [[1, 122]]}, 'edge_959_772': {'PF00238.14': [[1, 122]]}, 'edge_959_462': {'PF03484.10': [[405, 472]]}, 'edge_727_1611': {'PF03484.10': [[416, 483]]}, 'edge_959_766': {'PF00861.17': [[4, 116]]}, 'edge_727_1877': {'PF00861.17': [[7, 118]]}, 'edge_727_1868': {'PF00411.14': [[19, 128]]}, 'edge_959_758': {'PF00411.14': [[19, 128]]}, 'edge_727_1902': {'PF04997.7': [[6, 331]], 'PF00623.15': [[333, 474]], 'PF04983.13': [[478, 663]], 'PF05000.12': [[692, 758]]}, 'edge_959_91': {'PF04997.7': [[8, 385]], 'PF00623.15': [[387, 528]], 'PF04983.13': [[533, 718]], 'PF05000.12': [[749, 816]]}, 'edge_959_86': {'PF00687.16': [[11, 221]]}, 'edge_727_314': {'PF00687.16': [[12, 222]]}, 'edge_727_667': {'PF00312.17': [[7, 88]]}, 'edge_959_403': {'PF00312.17': [[9, 87]]}, 'edge_727_893': {'PF00318.15': [[9, 225]]}, 'edge_959_452': {'PF00318.15': [[11, 225]]}, 'edge_727_317': {'PF00466.15': [[7, 101]]}, 'edge_959_87': {'PF00466.15': [[8, 104]]}, 'edge_959_775': {'PF00252.13': [[4, 133]]}, 'edge_727_1886': {'PF00252.13': [[4, 133]]}, 'edge_727_1903': {'PF00562.23': [[680, 1067]], 'PF04563.10': [[28, 471]], 'PF04561.9': [[140, 287]], 'PF04560.15': [[1069, 1143]], 'PF04565.11': [[475, 544]]}, 'edge_959_90': {'PF00562.23': [[702, 1145]], 'PF04563.10': [[28, 545]], 'PF04561.9': [[213, 393]], 'PF04560.15': [[1147, 1221]], 'PF04565.11': [[550, 619]]}, 'edge_727_1889': {'PF00203.16': [[3, 83]]}, 'edge_959_778': {'PF00203.16': [[3, 80]]}, 'edge_727_912': {'PF11987.3': [[560, 666]]}, 'edge_959_405': {'PF11987.3': [[404, 513]]}, 'edge_959_782': {'PF00297.17': [[8, 200]]}, 'edge_727_1893': {'PF00297.17': [[9, 203]]}, 'edge_727_1894': {'PF00338.17': [[6, 102]]}, 'edge_959_783': {'PF00338.17': [[6, 102]]}, 'edge_727_1879': {'PF00410.14': [[5, 132]]}, 'edge_959_768': {'PF00410.14': [[4, 129]]}, 'edge_959_781': {'PF00573.17': [[16, 205]]}, 'edge_727_1892': {'PF00573.17': [[17, 204]]}, 'edge_959_770': {'PF00673.16': [[86, 178]], 'PF00281.14': [[25, 81]]}, 'edge_727_1881': {'PF00673.16': [[86, 178]], 'PF00281.14': [[26, 81]]}, 'edge_727_1861': {'PF00572.13': [[16, 142]]}, 'edge_959_750': {'PF00572.13': [[16, 142]]}, 'edge_727_1505': {'PF02978.14': [[328, 427]]}, 'edge_959_630': {'PF02978.14': [[327, 424]]}, 'edge_959_759': {'PF00416.17': [[3, 108]]}, 'edge_727_1869': {'PF00416.17': [[3, 108]]}, 'edge_959_85': {'PF00298.14': [[67, 135]], 'PF03946.9': [[9, 62]]}, 'edge_727_313': {'PF00298.14': [[36, 104]], 'PF03946.9': [[1, 31]]}, 'edge_959_777': {'PF00237.14': [[5, 108]]}, 'edge_727_1888': {'PF00237.14': [[10, 114]]}, 'edge_959_780': {'PF00276.15': [[4, 93]]}, 'edge_727_1891': {'PF00276.15': [[5, 88]]}, 'edge_727_909': {'PF13184.1': [[238, 306]]}, 'edge_959_408': {'PF13184.1': [[233, 300]]}, 'edge_959_717': {'PF00162.14': [[8, 393]]}, 'edge_727_434': {'PF00162.14': [[5, 389]]}, 'edge_727_679': {'PF08459.6': [[371, 525]]}, 'edge_959_313': {'PF08459.6': [[366, 517]]}, 'edge_727_1896': {'PF00177.16': [[1, 149]]}, 'edge_959_182': {'PF00177.16': [[2, 148]]}, 'edge_727_1860': {'PF00380.14': [[11, 131]]}, 'edge_959_749': {'PF00380.14': [[12, 132]]}, 'edge_959_773': {'PF00366.15': [[11, 79]]}, 'edge_727_1884': {'PF00366.15': [[13, 81]]}, 'edge_959_181': {'PF00164.20': [[2, 136]]}, 'edge_727_1897': {'PF00164.20': [[2, 136]]}}
bin_248	{}
bin_249	{}
bin_25	{}
bin_250	{}
bin_251	{}
bin_252	{}
bin_253	{}
bin_254	{}
bin_255	{}
bin_256	{}
bin_257	{}
bin_258	{}
bin_259	{}
bin_26	{}
bin_260	{}
bin_261	{}
bin_262	{}
bin_263	{}
bin_264	{}
bin_265	{}
bin_266	{}
bin_267	{}
bin_269	{}
bin_268	{}
bin_27	{}
bin_270	{}
bin_271	{}
bin_272	{}
bin_273	{}
bin_274	{}
bin_275	{}
bin_276	{}
bin_278	{}
bin_277	{}
bin_28	{}
bin_279	{}
bin_280	{}
bin_282	{}
bin_283	{}
bin_281	{'edge_57_2160': {'TIGR00468': [[40, 342]]}, 'edge_1090_244': {'TIGR00468': [[40, 342]]}, 'edge_303_1690': {'TIGR00468': [[40, 342]]}, 'edge_1088_78': {'TIGR00329': [[10, 313]]}, 'edge_1064_435': {'TIGR00329': [[10, 313]]}, 'edge_1090_376': {'TIGR00344': [[8, 857]]}, 'edge_57_2013': {'TIGR00344': [[8, 857]]}, 'edge_303_1549': {'TIGR00344': [[8, 857]]}, 'edge_1064_46': {'TIGR00967': [[15, 425]]}, 'edge_354_43': {'TIGR00967': [[15, 293]]}, 'edge_1039_717': {'TIGR00392': [[14, 832]]}, 'edge_303_606': {'TIGR00392': [[13, 833]]}, 'edge_57_841': {'TIGR00392': [[14, 832]]}, 'edge_209_37': {'TIGR00755': [[20, 286]]}, 'edge_1069_37': {'TIGR00755': [[20, 286]]}, 'edge_345_8': {'TIGR00755': [[23, 266]]}, 'edge_57_1942': {'TIGR00755': [[23, 266]]}, 'edge_1064_54': {'PF01000.21': [[59, 152]], 'PF01193.19': [[26, 222]]}, 'edge_354_34': {'PF01000.21': [[59, 152]], 'PF01193.19': [[26, 222]]}, 'edge_354_48': {'PF00347.18': [[11, 82]]}, 'edge_1064_41': {'PF00347.18': [[11, 82]]}, 'edge_354_55': {'PF00831.18': [[3, 60]]}, 'edge_1064_34': {'PF00831.18': [[3, 60]]}, 'edge_354_46': {'PF00333.15': [[12, 77]], 'PF03719.10': [[87, 160]]}, 'edge_1064_43': {'PF00333.15': [[10, 75]], 'PF03719.10': [[85, 158]]}, 'edge_1064_29': {'PF03947.13': [[124, 253]], 'PF00181.18': [[42, 117]]}, 'edge_354_60': {'PF03947.13': [[124, 253]], 'PF00181.18': [[42, 118]]}, 'edge_1064_32': {'PF00189.15': [[118, 201]]}, 'edge_354_57': {'PF00189.15': [[118, 201]]}, 'edge_57_974': {'PF01509.13': [[24, 178]]}, 'edge_303_733': {'PF01509.13': [[24, 178]]}, 'edge_1039_838': {'PF01509.13': [[24, 178]]}, 'edge_1064_36': {'PF00238.14': [[1, 122]]}, 'edge_354_53': {'PF00238.14': [[1, 122]]}, 'edge_303_1689': {'PF03484.10': [[413, 479]]}, 'edge_57_2159': {'PF03484.10': [[412, 479]]}, 'edge_1090_245': {'PF03484.10': [[412, 479]]}, 'edge_354_47': {'PF00861.17': [[7, 120]]}, 'edge_1064_42': {'PF00861.17': [[7, 120]]}, 'edge_354_35': {'PF00411.14': [[21, 130]]}, 'edge_1064_53': {'PF00411.14': [[21, 130]]}, 'edge_1064_18': {'PF04997.7': [[6, 331]], 'PF00623.15': [[333, 474]], 'PF04983.13': [[478, 663]], 'PF05000.12': [[692, 759]]}, 'edge_1064_5&&edge_1064_6': {'PF00687.16': [[1, 99]]}, 'edge_1039_840': {'PF00312.17': [[7, 88]]}, 'edge_57_976': {'PF00312.17': [[7, 88]]}, 'edge_303_735': {'PF00312.17': [[7, 88]]}, 'edge_57_951': {'PF00318.15': [[9, 224]]}, 'edge_1039_821': {'PF00318.15': [[9, 224]]}, 'edge_303_712': {'PF00318.15': [[1, 137]]}, 'edge_1064_7': {'PF00466.15': [[6, 95]]}, 'edge_1064_33': {'PF00252.13': [[4, 133]]}, 'edge_354_56': {'PF00252.13': [[4, 133]]}, 'edge_1064_11&&edge_1064_12': {'PF04561.9': [[8, 82]]}, 'edge_354_59': {'PF00203.16': [[3, 83]]}, 'edge_1064_30': {'PF00203.16': [[3, 83]]}, 'edge_57_971': {'PF11987.3': [[501, 607]]}, 'edge_303_730': {'PF11987.3': [[491, 597]]}, 'edge_1039_835': {'PF11987.3': [[505, 611]]}, 'edge_354_63': {'PF00297.17': [[9, 203]]}, 'edge_1064_26': {'PF00297.17': [[9, 203]]}, 'edge_1064_25': {'PF00338.17': [[6, 102]]}, 'edge_354_64': {'PF00338.17': [[1, 96]]}, 'edge_354_49': {'PF00410.14': [[5, 132]]}, 'edge_1064_40': {'PF00410.14': [[5, 132]]}, 'edge_354_62': {'PF00573.17': [[17, 204]]}, 'edge_1064_27': {'PF00573.17': [[17, 204]]}, 'edge_354_51': {'PF00673.16': [[84, 177]], 'PF00281.14': [[24, 80]]}, 'edge_1064_38': {'PF00673.16': [[84, 177]], 'PF00281.14': [[24, 80]]}, 'edge_1064_60': {'PF00572.13': [[16, 142]]}, 'edge_354_27': {'PF00572.13': [[16, 142]]}, 'edge_303_659': {'PF02978.14': [[328, 427]]}, 'edge_57_896': {'PF02978.14': [[328, 427]]}, 'edge_1039_770': {'PF02978.14': [[328, 427]]}, 'edge_354_36': {'PF00416.17': [[3, 108]]}, 'edge_1064_52': {'PF00416.17': [[3, 108]]}, 'edge_1064_4': {'PF03946.9': [[8, 66]], 'PF00298.14': [[71, 139]]}, 'edge_354_58': {'PF00237.14': [[6, 110]]}, 'edge_1064_31': {'PF00237.14': [[5, 109]]}, 'edge_1064_17': {'PF00562.23': [[1, 145]], 'PF04560.15': [[147, 220]]}, 'edge_354_61': {'PF00276.15': [[6, 91]]}, 'edge_1064_28': {'PF00276.15': [[6, 91]]}, 'edge_57_968': {'PF13184.1': [[229, 296]]}, 'edge_1039_832': {'PF13184.1': [[229, 296]]}, 'edge_303_727': {'PF13184.1': [[229, 296]]}, 'edge_336_406': {'PF00162.14': [[6, 383]]}, 'edge_303_2210': {'PF00162.14': [[20, 397]]}, 'edge_335_315': {'PF00162.14': [[5, 383]]}, 'edge_1090_259': {'PF08459.6': [[370, 523]]}, 'edge_303_1674': {'PF08459.6': [[371, 523]]}, 'edge_57_2143': {'PF08459.6': [[371, 523]]}, 'edge_1064_14': {'PF04565.11': [[1, 68]]}, 'edge_1064_21': {'PF00177.16': [[1, 149]]}, 'edge_354_26': {'PF00380.14': [[10, 130]]}, 'edge_1064_61': {'PF00380.14': [[10, 130]]}, 'edge_354_54': {'PF00366.15': [[12, 80]]}, 'edge_1064_35': {'PF00366.15': [[12, 80]]}, 'edge_1064_20': {'PF00164.20': [[2, 136]]}}
bin_284	{'edge_15_592': {'TIGR00468': [[39, 339]]}, 'edge_15_418': {'TIGR00329': [[8, 312]]}, 'edge_15_1164': {'TIGR00344': [[8, 857]]}, 'edge_15_229': {'TIGR00967': [[15, 419]]}, 'edge_1133_137': {'TIGR00392': [[7, 833]]}, 'edge_1133_155': {'TIGR00755': [[12, 269]]}, 'edge_15_238': {'PF01193.19': [[25, 221]], 'PF01000.21': [[60, 151]]}, 'edge_15_224': {'PF00347.18': [[91, 165]]}, 'edge_15_217': {'PF00831.18': [[7, 62]]}, 'edge_15_226': {'PF03719.10': [[84, 157]], 'PF00333.15': [[9, 74]]}, 'edge_15_212': {'PF03947.13': [[124, 253]], 'PF00181.18': [[42, 118]]}, 'edge_15_215': {'PF00189.15': [[120, 203]]}, 'edge_15_1299': {'PF01509.13': [[23, 170]]}, 'edge_15_219': {'PF00238.14': [[1, 122]]}, 'edge_15_593': {'PF03484.10': [[409, 474]]}, 'edge_15_225': {'PF00861.17': [[8, 119]]}, 'edge_15_236': {'PF00411.14': [[22, 131]]}, 'edge_15_202': {'PF04997.7': [[5, 332]], 'PF00623.15': [[334, 475]], 'PF04983.13': [[479, 640]], 'PF05000.12': [[669, 734]]}, 'edge_15_198': {'PF00687.16': [[25, 219]]}, 'edge_15_1301': {'PF00312.17': [[6, 86]]}, 'edge_15_1281': {'PF00318.15': [[9, 226]]}, 'edge_15_199': {'PF00466.15': [[3, 101]]}, 'edge_15_216': {'PF00252.13': [[4, 132]]}, 'edge_15_201': {'PF00562.23': [[641, 1082]], 'PF04563.10': [[26, 485]], 'PF04561.9': [[140, 294]], 'PF04560.15': [[1084, 1158]], 'PF04565.11': [[489, 558]]}, 'edge_15_213': {'PF00203.16': [[3, 83]]}, 'edge_15_1296': {'PF11987.3': [[471, 577]]}, 'edge_15_209': {'PF00297.17': [[9, 204]]}, 'edge_15_208': {'PF00338.17': [[6, 102]]}, 'edge_15_223': {'PF00410.14': [[5, 132]]}, 'edge_15_210': {'PF00573.17': [[18, 203]]}, 'edge_15_221': {'PF00673.16': [[85, 178]], 'PF00281.14': [[25, 81]]}, 'edge_15_244': {'PF00572.13': [[15, 141]]}, 'edge_15_1267': {'PF02978.14': [[327, 429]]}, 'edge_15_235': {'PF00416.17': [[3, 109]]}, 'edge_15_197': {'PF03946.9': [[8, 66]], 'PF00298.14': [[71, 139]]}, 'edge_15_214': {'PF00237.14': [[5, 109]]}, 'edge_15_211': {'PF00276.15': [[6, 93]]}, 'edge_15_1293': {'PF13184.1': [[233, 301]]}, 'edge_1133_9': {'PF00162.14': [[8, 387]]}, 'edge_15_316': {'PF08459.6': [[384, 551]]}, 'edge_15_205': {'PF00177.16': [[1, 149]]}, 'edge_15_245': {'PF00380.14': [[10, 130]]}, 'edge_15_218': {'PF00366.15': [[11, 79]]}, 'edge_15_204': {'PF00164.20': [[2, 123]]}}
bin_285	{}
bin_286	{}
bin_287	{}
bin_288	{}
bin_289	{}
bin_29	{}
bin_290	{}
bin_291	{'edge_1047_4': {'PF04997.7': [[9, 313]], 'PF00623.15': [[315, 480]], 'PF05000.12': [[676, 781]], 'PF04983.13': [[484, 649]]}, 'edge_1047_2': {'PF04563.10': [[2, 377]], 'PF04561.9': [[144, 320]], 'PF04565.11': [[388, 451]]}, 'edge_1047_12': {'PF00338.17': [[4, 98]]}, 'edge_1047_3': {'PF00562.23': [[134, 507]], 'PF04560.15': [[509, 600]]}, 'edge_1047_9': {'PF00177.16': [[34, 188]]}, 'edge_1047_8': {'PF00164.20': [[17, 140]]}}
bin_292	{}
bin_293	{}
bin_294	{}
bin_295	{}
bin_296	{}
bin_297	{}
bin_299	{}
bin_298	{'edge_658_496': {'TIGR00468': [[213, 513]]}, 'edge_709_2231': {'TIGR00468': [[38, 336]]}, 'edge_658_743': {'TIGR00329': [[4, 304]]}, 'edge_709_480': {'TIGR00329': [[9, 315]]}, 'edge_709_806': {'TIGR00344': [[5, 869]]}, 'edge_658_213': {'TIGR00344': [[6, 437]]}, 'edge_709_1817': {'TIGR00967': [[18, 432]]}, 'edge_658_483': {'TIGR00967': [[15, 416]]}, 'edge_658_807': {'TIGR00392': [[5, 842]]}, 'edge_709_2138': {'TIGR00392': [[9, 925]]}, 'edge_658_570': {'TIGR00755': [[28, 277]]}, 'edge_709_2287': {'TIGR00755': [[4, 253]]}, 'edge_709_1812': {'PF01193.19': [[27, 225]], 'PF01000.21': [[60, 156]]}, 'edge_658_486': {'PF01193.19': [[33, 239]], 'PF01000.21': [[65, 171]]}, 'edge_709_1822': {'PF00347.18': [[11, 82]]}, 'edge_658_477': {'PF00347.18': [[11, 82]]}, 'edge_658_471': {'PF00831.18': [[3, 58]]}, 'edge_709_1829': {'PF00831.18': [[5, 60]]}, 'edge_709_1820': {'PF03719.10': [[93, 165]], 'PF00333.15': [[17, 82]]}, 'edge_658_479': {'PF03719.10': [[84, 157]], 'PF00333.15': [[12, 74]]}, 'edge_658_466': {'PF03947.13': [[126, 254]], 'PF00181.18': [[43, 119]]}, 'edge_709_1834': {'PF03947.13': [[125, 249]], 'PF00181.18': [[42, 118]]}, 'edge_709_1831': {'PF00189.15': [[118, 201]]}, 'edge_658_469': {'PF00189.15': [[123, 205]]}, 'edge_709_130': {'PF01509.13': [[43, 185]]}, 'edge_658_778': {'PF01509.13': [[24, 173]]}, 'edge_709_1827': {'PF00238.14': [[1, 122]]}, 'edge_658_473': {'PF00238.14': [[1, 122]]}, 'edge_709_294': {'PF03484.10': [[417, 484]]}, 'edge_658_497': {'PF03484.10': [[290, 356]]}, 'edge_709_1821': {'PF00861.17': [[5, 116]]}, 'edge_658_478': {'PF00861.17': [[8, 119]]}, 'edge_658_485': {'PF00411.14': [[24, 133]]}, 'edge_709_1814': {'PF00411.14': [[17, 126]]}, 'edge_709_1681': {'PF04997.7': [[17, 365]], 'PF00623.15': [[367, 508]], 'PF04983.13': [[512, 666]], 'PF05000.12': [[695, 780]]}, 'edge_658_380': {'PF04997.7': [[5, 331]], 'PF00623.15': [[333, 474]], 'PF04983.13': [[478, 618]], 'PF05000.12': [[647, 714]]}, 'edge_709_1685': {'PF00687.16': [[16, 221]]}, 'edge_658_384': {'PF00687.16': [[32, 218]]}, 'edge_658_779': {'PF00312.17': [[6, 87]]}, 'edge_709_913': {'PF00312.17': [[11, 87]]}, 'edge_658_121': {'PF00318.15': [[4, 219]]}, 'edge_709_1909': {'PF00318.15': [[10, 225]]}, 'edge_658_383': {'PF00466.15': [[2, 90]]}, 'edge_709_1684': {'PF00466.15': [[1, 100]]}, 'edge_658_470': {'PF00252.13': [[4, 132]]}, 'edge_709_1830': {'PF00252.13': [[4, 135]]}, 'edge_709_1682': {'PF00562.23': [[624, 1193]], 'PF04561.9': [[296, 414]], 'PF04560.15': [[1195, 1269]], 'PF04565.11': [[473, 542]], 'PF04563.10': [[22, 469]]}, 'edge_658_381': {'PF00562.23': [[615, 1059]], 'PF04561.9': [[297, 406]], 'PF04560.15': [[1061, 1135]], 'PF04565.11': [[465, 534]], 'PF04563.10': [[20, 461]]}, 'edge_709_1833': {'PF00203.16': [[3, 83]]}, 'edge_658_467': {'PF00203.16': [[3, 83]]}, 'edge_709_1893': {'PF11987.3': [[750, 856]]}, 'edge_658_776': {'PF11987.3': [[598, 704]]}, 'edge_709_1837': {'PF00297.17': [[8, 204]]}, 'edge_658_463': {'PF00297.17': [[8, 202]]}, 'edge_658_462': {'PF00338.17': [[7, 102]]}, 'edge_709_1838': {'PF00338.17': [[2, 87]]}, 'edge_709_1823': {'PF00410.14': [[4, 132]]}, 'edge_658_476': {'PF00410.14': [[7, 132]]}, 'edge_709_1836': {'PF00573.17': [[17, 205]]}, 'edge_658_464': {'PF00573.17': [[16, 205]]}, 'edge_658_475': {'PF00673.16': [[87, 180]], 'PF00281.14': [[27, 83]]}, 'edge_709_1825': {'PF00673.16': [[87, 181]], 'PF00281.14': [[27, 83]]}, 'edge_709_1907': {'PF00572.13': [[20, 146]]}, 'edge_658_329': {'PF00572.13': [[21, 147]]}, 'edge_709_1539': {'PF02978.14': [[326, 423]]}, 'edge_658_673': {'PF02978.14': [[327, 425]]}, 'edge_658_484': {'PF00416.17': [[3, 109]]}, 'edge_709_1815': {'PF00416.17': [[3, 108]]}, 'edge_709_1686': {'PF03946.9': [[8, 66]], 'PF00298.14': [[71, 139]]}, 'edge_658_385': {'PF03946.9': [[10, 68]], 'PF00298.14': [[73, 141]]}, 'edge_658_468': {'PF00237.14': [[22, 127]]}, 'edge_709_1832': {'PF00237.14': [[22, 128]]}, 'edge_709_1835': {'PF00276.15': [[2, 95]]}, 'edge_658_465': {'PF00276.15': [[9, 102]]}, 'edge_658_775': {'PF13184.1': [[220, 287]]}, 'edge_709_1894': {'PF13184.1': [[233, 301]]}, 'edge_658_54': {'PF00162.14': [[5, 383]]}, 'edge_709_2336': {'PF00162.14': [[19, 400]]}, 'edge_709_2133': {'PF08459.6': [[379, 530]]}, 'edge_658_443': {'PF08459.6': [[373, 525]]}, 'edge_658_378': {'PF00177.16': [[1, 150]]}, 'edge_709_1840': {'PF00177.16': [[2, 151]]}, 'edge_658_328': {'PF00380.14': [[16, 136]]}, 'edge_709_1908': {'PF00380.14': [[8, 128]]}, 'edge_709_1828': {'PF00366.15': [[13, 80]]}, 'edge_658_472': {'PF00366.15': [[11, 79]]}, 'edge_658_379': {'PF00164.20': [[2, 123]]}, 'edge_709_1841': {'PF00164.20': [[2, 123]]}}
bin_3	{}
bin_30	{}
bin_300	{}
bin_301	{}
bin_302	{}
bin_303	{}
bin_304	{}
bin_305	{}
bin_306	{}
bin_307	{}
bin_308	{}
bin_309	{}
bin_31	{}
bin_310	{}
bin_311	{}
bin_312	{}
bin_313	{}
bin_314	{}
bin_315	{}
bin_316	{}
bin_317	{}
bin_318	{}
bin_319	{}
bin_32	{}
bin_320	{}
bin_322	{}
bin_321	{}
bin_323	{}
bin_324	{}
bin_325	{}
bin_326	{}
bin_327	{}
bin_328	{}
bin_329	{}
bin_33	{}
bin_330	{}
bin_331	{}
bin_332	{}
bin_333	{}
bin_335	{}
bin_334	{}
bin_336	{}
bin_337	{}
bin_338	{}
bin_339	{}
bin_34	{}
bin_340	{}
bin_341	{}
bin_342	{}
bin_344	{}
bin_345	{}
bin_343	{'edge_45_2342': {'TIGR00468': [[39, 343]]}, 'edge_45_1860': {'TIGR00329': [[9, 322]]}, 'edge_45_455': {'TIGR00344': [[6, 868]]}, 'edge_45_30': {'TIGR00967': [[24, 430]]}, 'edge_191_625': {'TIGR00392': [[21, 875]]}, 'edge_191_188': {'TIGR00755': [[21, 273]]}, 'edge_45_34': {'PF01000.21': [[60, 156]], 'PF01193.19': [[30, 225]]}, 'edge_45_25': {'PF00347.18': [[91, 164]]}, 'edge_45_18': {'PF00831.18': [[3, 60]]}, 'edge_45_27': {'PF03719.10': [[97, 170]], 'PF00333.15': [[22, 86]]}, 'edge_45_13': {'PF03947.13': [[126, 253]], 'PF00181.18': [[42, 117]]}, 'edge_45_16': {'PF00189.15': [[119, 202]]}, 'edge_45_2297': {'PF01509.13': [[34, 181]]}, 'edge_45_20': {'PF00238.14': [[1, 122]]}, 'edge_45_2343': {'PF03484.10': [[403, 470]]}, 'edge_45_26': {'PF00861.17': [[5, 120]]}, 'edge_45_33': {'PF00411.14': [[19, 128]]}, 'edge_45_2': {'PF04997.7': [[16, 344]], 'PF00623.15': [[346, 488]], 'PF04983.13': [[491, 644]], 'PF05000.12': [[673, 758]]}, 'edge_45_2299': {'PF00312.17': [[7, 88]]}, 'edge_45_151': {'PF00318.15': [[11, 224]]}, 'edge_45_17': {'PF00252.13': [[4, 133]]}, 'edge_45_1': {'PF00562.23': [[683, 1243]], 'PF04565.11': [[480, 549]], 'PF04560.15': [[1245, 1320]], 'PF04561.9': [[314, 421]], 'PF04563.10': [[10, 476]]}, 'edge_45_14': {'PF00203.16': [[3, 83]]}, 'edge_45_2295': {'PF11987.3': [[673, 780]]}, 'edge_45_10': {'PF00297.17': [[9, 205]]}, 'edge_45_9': {'PF00338.17': [[6, 102]]}, 'edge_45_24': {'PF00410.14': [[5, 132]]}, 'edge_45_11': {'PF00573.17': [[16, 204]]}, 'edge_45_22': {'PF00673.16': [[90, 183]], 'PF00281.14': [[30, 86]]}, 'edge_191_93': {'PF00572.13': [[15, 142]]}, 'edge_45_1967': {'PF02978.14': [[327, 427]]}, 'edge_45_32': {'PF00416.17': [[3, 109]]}, 'edge_45_15': {'PF00237.14': [[17, 121]]}, 'edge_45_12': {'PF00276.15': [[7, 94]]}, 'edge_45_2293': {'PF13184.1': [[234, 300]]}, 'edge_45_1550': {'PF00162.14': [[5, 387]]}, 'edge_191_166': {'PF08459.6': [[430, 602]]}, 'edge_45_6': {'PF00177.16': [[1, 149]]}, 'edge_191_94': {'PF00380.14': [[35, 155]]}, 'edge_45_19': {'PF00366.15': [[8, 75]]}, 'edge_45_5': {'PF00164.20': [[2, 123]]}}
bin_346	{}
bin_347	{}
bin_348	{}
bin_349	{}
bin_35	{}
bin_350	{}
bin_351	{}
bin_352	{}
bin_353	{}
bin_354	{}
bin_355	{}
bin_356	{}
bin_357	{}
bin_358	{'edge_1063_50': {'TIGR00755': [[20, 286]]}}
bin_359	{}
bin_36	{}
bin_360	{}
bin_361	{}
bin_362	{}
bin_363	{}
bin_364	{}
bin_365	{}
bin_366	{}
bin_367	{}
bin_368	{}
bin_369	{}
bin_37	{}
bin_370	{}
bin_371	{}
bin_372	{}
bin_373	{}
bin_374	{}
bin_375	{}
bin_376	{}
bin_378	{}
bin_379	{}
bin_377	{'edge_292_1942': {'TIGR00468': [[77, 358]]}, 'edge_292_3936': {'TIGR00329': [[8, 317]]}, 'edge_292_1885': {'TIGR00344': [[5, 872]]}, 'edge_292_3989': {'TIGR00967': [[15, 436]]}, 'edge_292_3561': {'TIGR00392': [[14, 862]]}, 'edge_292_813': {'TIGR00755': [[20, 279]]}, 'edge_292_3981': {'PF01000.21': [[57, 150]], 'PF01193.19': [[23, 219]]}, 'edge_292_3994': {'PF00347.18': [[11, 83]]}, 'edge_292_4001': {'PF00831.18': [[7, 64]]}, 'edge_292_3992': {'PF03719.10': [[111, 184]], 'PF00333.15': [[39, 102]]}, 'edge_292_4006': {'PF03947.13': [[125, 253]], 'PF00181.18': [[42, 119]]}, 'edge_292_4003': {'PF00189.15': [[120, 202]]}, 'edge_292_1417': {'PF01509.13': [[58, 211]]}, 'edge_292_3999': {'PF00238.14': [[1, 122]]}, 'edge_292_1943': {'PF03484.10': [[426, 510]]}, 'edge_292_3993': {'PF00861.17': [[19, 129]]}, 'edge_292_3983': {'PF00411.14': [[25, 134]]}, 'edge_292_4018': {'PF04997.7': [[6, 417]], 'PF00623.15': [[419, 560]], 'PF04983.13': [[564, 728]], 'PF05000.12': [[758, 823]]}, 'edge_292_4023': {'PF00687.16': [[30, 220]]}, 'edge_292_1419': {'PF00312.17': [[7, 88]]}, 'edge_292_1362': {'PF00318.15': [[9, 224]]}, 'edge_292_4022': {'PF00466.15': [[6, 102]]}, 'edge_292_4002': {'PF00252.13': [[11, 134]]}, 'edge_292_4020': {'PF04563.10': [[34, 246]], 'PF04561.9': [[161, 277]]}, 'edge_292_4005': {'PF00203.16': [[3, 83]]}, 'edge_292_1408': {'PF11987.3': [[780, 889]]}, 'edge_292_4009': {'PF00297.17': [[12, 207]]}, 'edge_292_4010': {'PF00338.17': [[6, 102]]}, 'edge_292_3995': {'PF00410.14': [[3, 133]]}, 'edge_292_4008': {'PF00573.17': [[17, 203]]}, 'edge_292_3997': {'PF00673.16': [[93, 187]], 'PF00281.14': [[33, 89]]}, 'edge_292_3949': {'PF00572.13': [[15, 141]]}, 'edge_292_1340': {'PF02978.14': [[330, 428]]}, 'edge_292_3984': {'PF00416.17': [[3, 108]]}, 'edge_292_4024': {'PF00298.14': [[73, 141]], 'PF03946.9': [[12, 68]]}, 'edge_292_4004': {'PF00237.14': [[15, 118]]}, 'edge_292_4019': {'PF00562.23': [[248, 720]], 'PF04560.15': [[722, 796]], 'PF04565.11': [[97, 166]]}, 'edge_292_4007': {'PF00276.15': [[9, 94]]}, 'edge_292_3161': {'PF00162.14': [[5, 389]]}, 'edge_292_3173': {'PF08459.6': [[392, 588]]}, 'edge_292_1407': {'PF13184.1': [[210, 278]]}, 'edge_292_4013': {'PF00177.16': [[1, 149]]}, 'edge_292_3948': {'PF00380.14': [[34, 154]]}, 'edge_292_4000': {'PF00366.15': [[18, 85]]}, 'edge_292_4014': {'PF00164.20': [[2, 123]]}}
bin_38	{}
bin_380	{}
bin_381	{}
bin_382	{}
bin_383	{}
bin_384	{}
bin_385	{}
bin_386	{}
bin_39	{}
bin_4	{}
bin_40	{}
bin_41	{}
bin_42	{}
bin_43	{}
bin_45	{}
bin_46	{}
bin_44	{'edge_432_638': {'TIGR00468': [[38, 349]]}, 'edge_432_293': {'TIGR00329': [[6, 314]]}, 'edge_664_127': {'TIGR00344': [[10, 853]]}, 'edge_962_34': {'TIGR00967': [[18, 424]]}, 'edge_555_1348': {'TIGR00392': [[25, 868]]}, 'edge_555_310': {'TIGR00755': [[5, 249]]}, 'edge_962_39': {'PF01000.21': [[61, 150]], 'PF01193.19': [[25, 224]]}, 'edge_962_29': {'PF00347.18': [[90, 164]]}, 'edge_555_712': {'PF00831.18': [[5, 61]]}, 'edge_962_31': {'PF03719.10': [[91, 164]], 'PF00333.15': [[17, 81]]}, 'edge_555_707': {'PF03947.13': [[124, 251]], 'PF00181.18': [[42, 118]]}, 'edge_555_710': {'PF00189.15': [[119, 202]]}, 'edge_555_2356': {'PF01509.13': [[35, 189]]}, 'edge_962_24': {'PF00238.14': [[1, 122]]}, 'edge_432_639': {'PF03484.10': [[413, 480]]}, 'edge_962_30': {'PF00861.17': [[4, 121]]}, 'edge_962_37': {'PF00411.14': [[24, 133]]}, 'edge_555_757': {'PF04997.7': [[16, 341]], 'PF00623.15': [[343, 484]], 'PF04983.13': [[488, 644]], 'PF05000.12': [[674, 763]]}, 'edge_555_753': {'PF00687.16': [[21, 220]]}, 'edge_555_1540': {'PF00312.17': [[7, 87]]}, 'edge_432_526': {'PF00318.15': [[8, 223]]}, 'edge_555_754': {'PF00466.15': [[4, 100]]}, 'edge_555_711': {'PF00252.13': [[4, 133]]}, 'edge_555_756': {'PF00562.23': [[724, 1292]], 'PF04560.15': [[1294, 1368]], 'PF04565.11': [[521, 590]], 'PF04561.9': [[365, 462]], 'PF04563.10': [[27, 516]]}, 'edge_555_708': {'PF00203.16': [[3, 83]]}, 'edge_555_2354': {'PF11987.3': [[728, 835]]}, 'edge_555_704': {'PF00297.17': [[13, 212]]}, 'edge_555_703': {'PF00338.17': [[6, 102]]}, 'edge_962_28': {'PF00410.14': [[5, 130]]}, 'edge_555_705': {'PF00573.17': [[16, 204]]}, 'edge_962_26': {'PF00673.16': [[85, 178]], 'PF00281.14': [[25, 80]]}, 'edge_555_954': {'PF00572.13': [[15, 141]]}, 'edge_962_384': {'PF02978.14': [[329, 428]]}, 'edge_962_36': {'PF00416.17': [[3, 108]]}, 'edge_555_752': {'PF03946.9': [[8, 67]], 'PF00298.14': [[72, 140]]}, 'edge_555_709': {'PF00237.14': [[6, 108]]}, 'edge_555_706': {'PF00276.15': [[13, 99]]}, 'edge_555_2353': {'PF13184.1': [[232, 298]]}, 'edge_555_330': {'PF00162.14': [[14, 383]]}, 'edge_555_2211': {'PF08459.6': [[412, 582]]}, 'edge_555_700': {'PF00177.16': [[1, 150]]}, 'edge_555_955': {'PF00380.14': [[10, 130]]}, 'edge_555_713': {'PF00366.15': [[14, 81]]}, 'edge_555_699': {'PF00164.20': [[2, 123]]}}
bin_47	{}
bin_48	{}
bin_49	{}
bin_5	{}
bin_50	{}
bin_52	{}
bin_53	{}
bin_51	{'edge_866_107': {'TIGR00468': [[39, 327]]}, 'edge_881_98': {'TIGR00329': [[4, 306]]}, 'edge_866_1556': {'TIGR00344': [[7, 854]]}, 'edge_881_324': {'TIGR00967': [[20, 429]]}, 'edge_551_259': {'TIGR00392': [[15, 844]]}, 'edge_551_273': {'TIGR00755': [[10, 264]]}, 'edge_881_319': {'PF01000.21': [[60, 156]], 'PF01193.19': [[28, 228]]}, 'edge_881_329': {'PF00347.18': [[90, 164]]}, 'edge_881_336': {'PF00831.18': [[3, 60]]}, 'edge_881_327': {'PF03719.10': [[85, 158]], 'PF00333.15': [[10, 75]]}, 'edge_881_341': {'PF03947.13': [[124, 250]], 'PF00181.18': [[42, 117]]}, 'edge_881_338': {'PF00189.15': [[119, 202]]}, 'edge_551_64': {'PF01509.13': [[33, 180]]}, 'edge_881_334': {'PF00238.14': [[1, 123]]}, 'edge_866_108': {'PF03484.10': [[404, 471]]}, 'edge_881_328': {'PF00861.17': [[2, 117]]}, 'edge_881_321': {'PF00411.14': [[19, 128]]}, 'edge_881_888': {'PF04997.7': [[15, 342]], 'PF00623.15': [[344, 486]], 'PF04983.13': [[489, 644]], 'PF05000.12': [[674, 763]]}, 'edge_881_884': {'PF00687.16': [[32, 220]]}, 'edge_551_65': {'PF00312.17': [[7, 88]]}, 'edge_551_383': {'PF00318.15': [[9, 225]]}, 'edge_881_885': {'PF00466.15': [[5, 101]]}, 'edge_881_337': {'PF00252.13': [[4, 131]]}, 'edge_881_887': {'PF00562.23': [[716, 1264]], 'PF04560.15': [[1266, 1341]], 'PF04565.11': [[513, 582]], 'PF04563.10': [[27, 509]], 'PF04561.9': [[340, 454]]}, 'edge_881_340': {'PF00203.16': [[3, 83]]}, 'edge_551_62': {'PF11987.3': [[677, 784]]}, 'edge_881_344': {'PF00297.17': [[8, 204]]}, 'edge_881_345': {'PF00338.17': [[6, 101]]}, 'edge_881_330': {'PF00410.14': [[5, 129]]}, 'edge_881_343': {'PF00573.17': [[13, 198]]}, 'edge_881_332': {'PF00673.16': [[84, 177]], 'PF00281.14': [[24, 80]]}, 'edge_551_20': {'PF00572.13': [[15, 141]]}, 'edge_866_1548': {'PF02978.14': [[329, 427]]}, 'edge_881_322': {'PF00416.17': [[3, 108]]}, 'edge_881_883': {'PF03946.9': [[8, 67]], 'PF00298.14': [[72, 140]]}, 'edge_881_339': {'PF00237.14': [[5, 108]]}, 'edge_881_342': {'PF00276.15': [[9, 96]]}, 'edge_551_61': {'PF13184.1': [[230, 296]]}, 'edge_866_1683': {'PF00162.14': [[6, 373]]}, 'edge_1129_242': {'PF08459.6': [[383, 542]]}, 'edge_881_351': {'PF00177.16': [[1, 149]]}, 'edge_551_21': {'PF00380.14': [[10, 130]]}, 'edge_881_335': {'PF00366.15': [[10, 78]]}, 'edge_881_352': {'PF00164.20': [[3, 123]]}}
bin_55	{}
bin_54	{'edge_19_39': {'TIGR00468': [[37, 336]]}, 'edge_730_238': {'TIGR00329': [[7, 310]]}, 'edge_729_55': {'TIGR00344': [[9, 882]]}, 'edge_689_18': {'TIGR00967': [[27, 437]]}, 'edge_730_22': {'TIGR00392': [[16, 828]]}, 'edge_689_89': {'TIGR00755': [[14, 263]]}, 'edge_730_434': {'PF01000.21': [[61, 164]], 'PF01193.19': [[26, 232]]}, 'edge_689_22': {'PF00347.18': [[92, 166]]}, 'edge_689_29': {'PF00831.18': [[3, 59]]}, 'edge_689_20': {'PF03719.10': [[147, 219]], 'PF00333.15': [[71, 136]]}, 'edge_689_34': {'PF03947.13': [[128, 258]], 'PF00181.18': [[44, 121]]}, 'edge_689_31': {'PF00189.15': [[123, 205]]}, 'edge_729_52': {'PF01509.13': [[26, 174]]}, 'edge_689_27': {'PF00238.14': [[1, 124]]}, 'edge_19_40': {'PF03484.10': [[416, 478]]}, 'edge_689_21': {'PF00861.17': [[9, 119]]}, 'edge_730_435': {'PF00411.14': [[12, 121]]}, 'edge_730_159': {'PF04997.7': [[11, 400]], 'PF00623.15': [[402, 552]], 'PF04983.13': [[556, 735]], 'PF05000.12': [[764, 855]]}, 'edge_730_474': {'PF00687.16': [[2, 113]]}, 'edge_689_3': {'PF00312.17': [[8, 88]]}, 'edge_730_303': {'PF00318.15': [[47, 266]]}, 'edge_729_84': {'PF00466.15': [[5, 99]]}, 'edge_689_30': {'PF00252.13': [[4, 132]]}, 'edge_689_33': {'PF00203.16': [[3, 83]]}, 'edge_729_44': {'PF11987.3': [[405, 507]]}, 'edge_689_38': {'PF00297.17': [[8, 147]]}, 'edge_689_39': {'PF00338.17': [[25, 120]]}, 'edge_689_23': {'PF00410.14': [[4, 133]]}, 'edge_689_36': {'PF00573.17': [[17, 206]]}, 'edge_689_25': {'PF00673.16': [[84, 176]], 'PF00281.14': [[23, 79]]}, 'edge_730_47': {'PF00572.13': [[18, 144]]}, 'edge_730_57': {'PF02978.14': [[327, 425]]}, 'edge_730_436': {'PF00416.17': [[3, 108]]}, 'edge_730_472': {'PF03946.9': [[14, 62]]}, 'edge_689_32': {'PF00237.14': [[5, 108]]}, 'edge_730_473': {'PF00298.14': [[9, 49]]}, 'edge_730_160': {'PF00562.23': [[392, 856]], 'PF04560.15': [[858, 931]], 'PF04565.11': [[187, 255]]}, 'edge_689_35': {'PF00276.15': [[4, 93]]}, 'edge_730_29': {'PF00162.14': [[8, 401]]}, 'edge_19_33': {'PF08459.6': [[370, 525]]}, 'edge_729_41': {'PF13184.1': [[238, 314]]}, 'edge_730_161&&edge_730_162': {'PF04563.10': [[6, 94]]}, 'edge_730_316': {'PF00177.16': [[2, 148]]}, 'edge_730_46': {'PF00380.14': [[10, 130]]}, 'edge_689_28': {'PF00366.15': [[10, 79]]}, 'edge_730_317': {'PF00164.20': [[3, 136]]}}
bin_56	{}
bin_57	{}
bin_58	{}
bin_59	{}
bin_6	{}
bin_60	{}
bin_61	{}
bin_62	{}
bin_63	{}
bin_64	{}
bin_65	{}
bin_66	{}
bin_67	{}
bin_68	{}
bin_69	{}
bin_7	{}
bin_70	{}
bin_71	{}
bin_73	{}
bin_72	{'edge_166_1657': {'TIGR00468': [[69, 355]]}, 'edge_166_843': {'TIGR00329': [[4, 312]]}, 'edge_166_1909': {'TIGR00344': [[5, 868]]}, 'edge_166_801': {'TIGR00967': [[14, 435]]}, 'edge_166_2285': {'TIGR00392': [[19, 855]]}, 'edge_166_1158': {'TIGR00755': [[25, 284]]}, 'edge_166_815': {'PF01000.21': [[55, 149]], 'PF01193.19': [[23, 218]]}, 'edge_166_784': {'PF00347.18': [[11, 82]]}, 'edge_166_763': {'PF00831.18': [[8, 64]]}, 'edge_166_786': {'PF00333.15': [[45, 108]], 'PF03719.10': [[118, 191]]}, 'edge_166_758': {'PF03947.13': [[125, 252]], 'PF00181.18': [[42, 119]]}, 'edge_166_761': {'PF00189.15': [[118, 202]]}, 'edge_166_2041': {'PF01509.13': [[29, 181]]}, 'edge_166_767': {'PF00238.14': [[1, 122]]}, 'edge_166_1658': {'PF03484.10': [[423, 488]]}, 'edge_166_785': {'PF00861.17': [[22, 134]]}, 'edge_166_813': {'PF00411.14': [[24, 133]]}, 'edge_166_728': {'PF00687.16': [[28, 221]]}, 'edge_166_2038': {'PF00312.17': [[7, 88]]}, 'edge_166_2087': {'PF00318.15': [[9, 226]]}, 'edge_166_736': {'PF00466.15': [[4, 96]]}, 'edge_166_762': {'PF00252.13': [[4, 133]]}, 'edge_166_740': {'PF00562.23': [[571, 1045]], 'PF04560.15': [[1047, 1121]], 'PF04563.10': [[65, 416]], 'PF04565.11': [[420, 489]], 'PF04561.9': [[164, 361]]}, 'edge_166_759': {'PF00203.16': [[3, 83]]}, 'edge_166_2047': {'PF11987.3': [[796, 900]]}, 'edge_166_755': {'PF00297.17': [[13, 209]]}, 'edge_166_754': {'PF00338.17': [[6, 101]]}, 'edge_166_783': {'PF00410.14': [[5, 132]]}, 'edge_166_756': {'PF00573.17': [[19, 206]]}, 'edge_166_769': {'PF00673.16': [[89, 183]], 'PF00281.14': [[29, 85]]}, 'edge_166_830': {'PF00572.13': [[15, 141]]}, 'edge_166_2192': {'PF02978.14': [[341, 438]]}, 'edge_166_741': {'PF04997.7': [[16, 426]], 'PF00623.15': [[428, 569]], 'PF04983.13': [[573, 755]]}, 'edge_166_812': {'PF00416.17': [[3, 109]]}, 'edge_166_727': {'PF00298.14': [[74, 142]], 'PF03946.9': [[12, 69]]}, 'edge_166_760': {'PF00237.14': [[10, 113]]}, 'edge_166_757': {'PF00276.15': [[9, 97]]}, 'edge_166_1863': {'PF00162.14': [[6, 395]]}, 'edge_166_1868': {'PF08459.6': [[443, 626]]}, 'edge_166_2049': {'PF13184.1': [[218, 286]]}, 'edge_166_746': {'PF00177.16': [[2, 148]]}, 'edge_166_831': {'PF00380.14': [[62, 182]]}, 'edge_166_764': {'PF00366.15': [[19, 86]]}, 'edge_166_745': {'PF00164.20': [[2, 121]]}}
bin_74	{}
bin_75	{}
bin_76	{}
bin_77	{}
bin_78	{}
bin_8	{'edge_1044_58': {'TIGR00468': [[39, 328]]}, 'edge_1044_143': {'TIGR00329': [[5, 307]]}, 'edge_701_10': {'TIGR00344': [[6, 842]]}, 'edge_1076_83': {'TIGR00967': [[19, 424]]}, 'edge_1041_24': {'TIGR00392': [[15, 839]]}, 'edge_1075_94': {'TIGR00755': [[6, 256]]}, 'edge_1076_87': {'PF01000.21': [[64, 154]], 'PF01193.19': [[28, 226]]}, 'edge_1076_78': {'PF00347.18': [[91, 165]]}, 'edge_1076_71': {'PF00831.18': [[4, 60]]}, 'edge_1076_80': {'PF03719.10': [[88, 160]], 'PF00333.15': [[13, 77]]}, 'edge_1076_66': {'PF03947.13': [[124, 252]], 'PF00181.18': [[43, 118]]}, 'edge_1076_69': {'PF00189.15': [[119, 202]]}, 'edge_43_36': {'PF01509.13': [[36, 184]]}, 'edge_1076_73': {'PF00238.14': [[1, 122]]}, 'edge_1044_59': {'PF03484.10': [[405, 470]]}, 'edge_1076_79': {'PF00861.17': [[2, 117]]}, 'edge_1076_85': {'PF00411.14': [[12, 122]]}, 'edge_1076_55': {'PF04997.7': [[16, 342]], 'PF00623.15': [[344, 486]], 'PF04983.13': [[489, 644]], 'PF05000.12': [[674, 763]]}, 'edge_1076_51': {'PF00687.16': [[29, 222]]}, 'edge_756_100': {'PF00312.17': [[8, 88]]}, 'edge_1043_10': {'PF00318.15': [[9, 225]]}, 'edge_1076_52': {'PF00466.15': [[5, 100]]}, 'edge_1076_70': {'PF00252.13': [[4, 133]]}, 'edge_1076_54': {'PF00562.23': [[737, 1297]], 'PF04560.15': [[1299, 1373]], 'PF04565.11': [[534, 602]], 'PF04561.9': [[377, 475]], 'PF04563.10': [[39, 530]]}, 'edge_1076_67': {'PF00203.16': [[1, 68]]}, 'edge_43_34': {'PF11987.3': [[586, 693]]}, 'edge_1076_63': {'PF00297.17': [[9, 206]]}, 'edge_1076_62': {'PF00338.17': [[10, 105]]}, 'edge_1076_77': {'PF00410.14': [[4, 129]]}, 'edge_1076_64': {'PF00573.17': [[17, 203]]}, 'edge_1076_75': {'PF00673.16': [[84, 177]], 'PF00281.14': [[24, 80]]}, 'edge_1121_91': {'PF00572.13': [[15, 140]]}, 'edge_1040_160': {'PF02978.14': [[328, 427]]}, 'edge_1076_84': {'PF00416.17': [[4, 109]]}, 'edge_1076_50': {'PF03946.9': [[8, 67]], 'PF00298.14': [[72, 141]]}, 'edge_1076_68': {'PF00237.14': [[5, 108]]}, 'edge_1076_65': {'PF00276.15': [[8, 93]]}, 'edge_43_33': {'PF13184.1': [[236, 302]]}, 'edge_746_3': {'PF00162.14': [[9, 381]]}, 'edge_1044_190': {'PF08459.6': [[381, 538]]}, 'edge_1076_59': {'PF00177.16': [[1, 184]]}, 'edge_1121_90': {'PF00380.14': [[13, 139]]}, 'edge_1076_72': {'PF00366.15': [[13, 81]]}, 'edge_1076_58': {'PF00164.20': [[4, 123]]}}
bin_79	{'edge_261_1087': {'TIGR00468': [[39, 327]]}, 'edge_261_238': {'TIGR00329': [[4, 306]]}, 'edge_261_2240': {'TIGR00344': [[7, 854]]}, 'edge_261_3240': {'TIGR00967': [[20, 429]]}, 'edge_261_2679': {'TIGR00392': [[15, 843]]}, 'edge_261_2642': {'TIGR00755': [[11, 264]]}, 'edge_261_3245': {'PF01000.21': [[60, 156]], 'PF01193.19': [[28, 228]]}, 'edge_261_3235': {'PF00347.18': [[90, 164]]}, 'edge_261_3228': {'PF00831.18': [[3, 60]]}, 'edge_261_3237': {'PF03719.10': [[85, 158]], 'PF00333.15': [[10, 75]]}, 'edge_261_3223': {'PF03947.13': [[124, 250]], 'PF00181.18': [[42, 117]]}, 'edge_261_3226': {'PF00189.15': [[119, 202]]}, 'edge_261_3358': {'PF01509.13': [[32, 179]]}, 'edge_261_3230': {'PF00238.14': [[1, 123]]}, 'edge_261_1088': {'PF03484.10': [[405, 471]]}, 'edge_261_3236': {'PF00861.17': [[2, 117]]}, 'edge_261_3243': {'PF00411.14': [[19, 128]]}, 'edge_261_2839': {'PF04997.7': [[15, 342]], 'PF00623.15': [[344, 486]], 'PF04983.13': [[489, 644]], 'PF05000.12': [[674, 763]]}, 'edge_261_2843': {'PF00687.16': [[32, 220]]}, 'edge_261_3359': {'PF00312.17': [[7, 88]]}, 'edge_261_2596': {'PF00318.15': [[9, 225]]}, 'edge_261_2842': {'PF00466.15': [[5, 101]]}, 'edge_261_3227': {'PF00252.13': [[4, 131]]}, 'edge_261_2840': {'PF00562.23': [[716, 1264]], 'PF04560.15': [[1266, 1341]], 'PF04565.11': [[513, 582]], 'PF04561.9': [[336, 454]], 'PF04563.10': [[27, 509]]}, 'edge_261_3224': {'PF00203.16': [[3, 83]]}, 'edge_261_3356': {'PF11987.3': [[694, 801]]}, 'edge_261_3220': {'PF00297.17': [[8, 204]]}, 'edge_261_3219': {'PF00338.17': [[6, 101]]}, 'edge_261_3234': {'PF00410.14': [[5, 129]]}, 'edge_261_3221': {'PF00573.17': [[13, 198]]}, 'edge_261_3232': {'PF00673.16': [[84, 177]], 'PF00281.14': [[24, 80]]}, 'edge_261_197': {'PF00572.13': [[15, 141]]}, 'edge_261_2234': {'PF02978.14': [[329, 427]]}, 'edge_261_3242': {'PF00416.17': [[3, 108]]}, 'edge_261_2844': {'PF03946.9': [[8, 67]], 'PF00298.14': [[72, 140]]}, 'edge_261_3225': {'PF00237.14': [[5, 108]]}, 'edge_261_3222': {'PF00276.15': [[9, 96]]}, 'edge_261_3355': {'PF13184.1': [[230, 296]]}, 'edge_261_2356': {'PF00162.14': [[6, 373]]}, 'edge_261_684': {'PF08459.6': [[390, 547]]}, 'edge_261_2849': {'PF00177.16': [[1, 149]]}, 'edge_261_198': {'PF00380.14': [[10, 130]]}, 'edge_261_3229': {'PF00366.15': [[10, 78]]}, 'edge_261_2850': {'PF00164.20': [[3, 123]]}}
bin_80	{}
bin_81	{}
bin_82	{'edge_316_25': {'TIGR00967': [[7, 417]]}, 'edge_316_17': {'PF01000.21': [[59, 152]], 'PF01193.19': [[26, 222]]}, 'edge_316_30': {'PF00347.18': [[11, 83]]}, 'edge_316_37': {'PF00831.18': [[3, 60]]}, 'edge_316_28': {'PF00333.15': [[12, 77]], 'PF03719.10': [[87, 160]]}, 'edge_316_42': {'PF03947.13': [[124, 253]], 'PF00181.18': [[42, 118]]}, 'edge_316_39': {'PF00189.15': [[118, 201]]}, 'edge_316_35': {'PF00238.14': [[1, 122]]}, 'edge_316_29': {'PF00861.17': [[7, 120]]}, 'edge_316_18': {'PF00411.14': [[21, 130]]}, 'edge_316_53': {'PF04997.7': [[6, 331]], 'PF00623.15': [[333, 474]], 'PF04983.13': [[478, 663]], 'PF05000.12': [[692, 759]]}, 'edge_316_58': {'PF00687.16': [[30, 221]]}, 'edge_316_57': {'PF00466.15': [[6, 101]]}, 'edge_316_38': {'PF00252.13': [[4, 133]]}, 'edge_316_54': {'PF00562.23': [[623, 1069]], 'PF04563.10': [[28, 465]], 'PF04561.9': [[140, 290]], 'PF04560.15': [[1071, 1144]], 'PF04565.11': [[469, 538]]}, 'edge_316_41': {'PF00203.16': [[3, 83]]}, 'edge_316_45': {'PF00297.17': [[9, 203]]}, 'edge_316_46': {'PF00338.17': [[6, 102]]}, 'edge_316_31': {'PF00410.14': [[5, 132]]}, 'edge_316_44': {'PF00573.17': [[17, 204]]}, 'edge_316_33': {'PF00673.16': [[84, 177]], 'PF00281.14': [[24, 80]]}, 'edge_316_11': {'PF00572.13': [[16, 142]]}, 'edge_316_19': {'PF00416.17': [[3, 108]]}, 'edge_316_59': {'PF03946.9': [[8, 66]], 'PF00298.14': [[71, 139]]}, 'edge_316_40': {'PF00237.14': [[5, 109]]}, 'edge_316_43': {'PF00276.15': [[6, 91]]}, 'edge_316_50': {'PF00177.16': [[1, 149]]}, 'edge_316_10': {'PF00380.14': [[10, 130]]}, 'edge_316_36': {'PF00366.15': [[12, 80]]}, 'edge_316_51': {'PF00164.20': [[2, 136]]}}
bin_83	{}
bin_84	{}
bin_85	{}
bin_86	{'edge_1023_13': {'PF04565.11': [[357, 426]], 'PF04563.10': [[4, 353]], 'PF04561.9': [[100, 298]]}, 'edge_1023_17': {'PF04997.7': [[6, 417]], 'PF00623.15': [[419, 560]], 'PF04983.13': [[564, 635]]}, 'edge_1023_16': {'PF04560.15': [[85, 159]]}, 'edge_1023_15': {'PF00562.23': [[53, 185]]}}
bin_87	{}
bin_88	{}
bin_89	{}
bin_9	{}
bin_90	{}
bin_91	{}
bin_92	{}
bin_93	{}
bin_94	{}
bin_95	{}
bin_96	{}
bin_97	{}
bin_98	{}
bin_99	{}
